=~=~=~=~=~=~=~=~=~=~=~= PuTTY log 2022.12.06 01:40:50 =~=~=~=~=~=~=~=~=~=~=~=
8.39,-18.86
318.39,-17.79
318.39,-18.97
318.39,-18.22
318.39,-17.89
318.39,-18.00
318.40,-18.11
318.40,-18.97
318.40,-17.79
318.40,-18.86
318.40,-18.22
318.40,-18.65
318.40,-17.36
318.40,-18.54
318.40,-18.22
318.40,-18.76
318.41,-19.19
318.41,-18.54
318.41,-19.30
318.41,-17.79
318.41,-18.65
318.41,-18.11
318.41,-19.08
318.41,-18.11
318.41,-18.76
318.41,-17.79
318.43,-17.89
318.43,-18.22
318.43,-19.08
318.43,-17.03
318.43,-17.46
318.43,-17.79
318.43,-18.43
318.43,-18.54
318.43,-18.54
318.43,-18.11
318.44,-18.65
318.44,-18.76
318.44,-17.46
318.44,-18.43
318.44,-18.65
318.44,-17.46
318.44,-17.46
318.44,-18.11
318.44,-18.65
318.44,-17.46
318.45,-17.46
318.45,-18.00
318.45,-18.65
318.45,-18.65
318.45,-18.86
318.45,-17.36
318.45,-18.65
318.45,-18.97
318.45,-18.65
318.45,-16.39
318.46,-18.11
318.46,-18.00
318.46,-18.33
318.46,-18.65
318.46,-17.25
318.47,-18.22
318.47,-18.54
318.47,-18.22
318.47,-18.97
318.47,-17.46
318.48,-16.39
318.48,-18.43
318.48,-18.11
318.48,-18.65
318.48,-18.11
318.48,-18.76
318.48,-16.92
318.48,-17.14
318.48,-18.43
318.48,-18.43
318.48,-18.43
318.49,-18.22
318.49,-18.22
318.49,-18.54
318.49,-18.43
318.49,-18.54
318.49,-18.22
318.49,-18.54
318.49,-18.00
318.49,-18.65
318.49,-17.89
318.50,-17.89
318.50,-18.86
318.50,-18.11
318.50,-18.43
318.50,-18.54
318.51,-17.57
318.51,-17.89
318.51,-18.00
318.51,-18.54
318.51,-18.86
318.52,-18.86
318.52,-18.54
318.52,-18.11
318.52,-18.65
318.52,-16.39
318.52,-18.43
318.52,-18.00
318.52,-18.97
318.52,-17.79
318.52,-18.22
318.53,-18.65
318.53,-19.40
318.53,-18.00
318.53,-18.22
318.53,-18.43
318.53,-18.43
318.53,-19.08
318.53,-18.00
318.53,-18.86
318.53,-17.89
318.54,-18.11
318.54,-18.11
318.54,-18.76
318.54,-18.54
318.55,-17.57
318.55,-18.22
318.55,-18.86
318.55,-18.65
318.55,-18.86
318.55,-16.71
318.56,-18.43
318.56,-18.65
318.56,-18.97
318.56,-18.86
318.56,-18.86
318.56,-18.43
318.56,-17.89
318.56,-18.11
318.56,-18.54
318.56,-19.30
318.57,-18.22
318.57,-18.11
318.57,-18.54
318.57,-18.33
318.57,-16.39
318.57,-18.43
318.57,-18.43
318.57,-18.11
318.57,-19.19
318.57,-18.43
318.57,-18.65
318.58,-18.54
318.58,-18.22
318.58,-17.46
318.58,-18.00
318.58,-17.14
318.58,-17.79
318.58,-18.54
318.58,-18.97
318.59,-17.46
318.59,-17.57
318.60,-17.36
318.60,-17.68
318.60,-18.65
318.60,-17.57
318.60,-18.43
318.60,-18.54
318.60,-18.00
318.60,-18.00
318.60,-18.00
318.60,-18.54
318.61,-18.65
318.61,-18.43
318.61,-18.86
318.61,-20.37
318.61,-17.79
318.61,-18.22
318.61,-18.76
318.61,-18.54
318.61,-18.65
318.61,-17.14
318.62,-18.43
318.62,-18.43
318.62,-18.22
318.62,-18.54
318.62,-18.33
318.62,-18.00
318.62,-18.76
318.62,-18.54
318.62,-16.82
318.62,-18.00
318.64,-19.19
318.64,-18.43
318.64,-18.76
318.64,-18.43
318.64,-16.49
318.64,-18.22
318.64,-18.65
318.64,-17.57
318.64,-18.54
318.64,-17.14
318.65,-18.33
318.65,-17.68
318.65,-18.65
318.65,-19.08
318.65,-18.43
318.65,-18.65
318.65,-18.11
318.65,-17.46
318.65,-18.33
318.65,-18.76
318.66,-18.54
318.66,-18.54
318.66,-18.76
318.66,-17.68
318.66,-18.00
318.66,-16.28
318.66,-18.11
318.66,-17.89
318.67,-18.86
318.67,-18.65
318.67,-17.46
318.68,-18.00
318.68,-19.19
318.68,-19.30
318.68,-17.36
318.68,-16.92
318.68,-17.36
318.68,-18.76
318.68,-18.43
318.68,-18.43
318.68,-18.43
318.69,-18.65
318.69,-18.65
318.69,-18.54
318.69,-17.79
318.69,-18.86
318.69,-18.65
318.69,-18.65
318.69,-17.68
318.69,-18.43
318.69,-18.54
318.70,-18.22
318.70,-16.28
318.70,-17.14
318.70,-18.43
318.70,-18.33
318.70,-18.97
318.70,-18.22
318.70,-18.76
318.70,-17.36
318.70,-17.68
318.71,-18.65
318.72,-18.54
318.72,-18.43
318.72,-18.86
318.72,-18.65
318.72,-18.65
318.72,-18.22
318.72,-18.54
318.72,-18.65
318.72,-18.22
318.73,-18.76
318.73,-18.54
318.73,-18.43
318.73,-18.22
318.73,-18.11
318.73,-18.22
318.73,-18.65
318.73,-18.97
318.73,-19.08
318.73,-16.28
318.74,-18.33
318.74,-18.65
318.74,-18.43
318.74,-17.57
318.74,-18.22
318.74,-18.43
318.74,-18.65
318.74,-18.22
318.74,-17.68
318.74,-16.82
318.75,-17.46
318.75,-19.08
318.75,-18.54
318.76,-18.54
318.76,-18.43
318.76,-17.46
318.76,-17.46
318.76,-18.22
318.76,-18.11
318.76,-18.00
318.76,-18.97
318.77,-17.89
318.77,-18.22
318.77,-18.22
318.77,-18.43
318.77,-17.89
318.77,-18.22
318.77,-17.14
318.77,-17.79
318.77,-18.11
318.77,-19.08
318.78,-18.22
318.78,-18.86
318.78,-18.22
318.78,-19.08
318.78,-16.49
318.78,-17.89
318.78,-16.06
318.78,-18.00
318.78,-18.65
318.78,-18.33
318.80,-18.11
318.80,-18.33
318.80,-18.43
318.80,-18.97
318.80,-18.76
318.80,-17.03
318.80,-17.36
318.80,-18.00
318.80,-18.00
318.80,-17.68
318.81,-18.22
318.81,-18.65
318.81,-18.65
318.81,-16.92
318.81,-18.43
318.81,-17.79
318.81,-18.54
318.81,-18.43
318.81,-18.65
318.81,-17.68
318.82,-18.76
318.82,-18.22
318.82,-18.65
318.82,-18.86
318.82,-16.82
318.82,-17.25
318.82,-18.11
318.82,-18.86
318.82,-18.65
318.82,-18.97
318.83,-18.76
318.83,-18.86
318.83,-16.92
318.83,-18.11
318.83,-18.00
318.84,-19.08
318.84,-18.97
318.84,-18.97
318.84,-18.76
318.84,-18.54
318.85,-18.86
318.85,-18.76
318.85,-18.00
318.85,-18.11
318.85,-18.76
318.85,-19.30
318.85,-18.65
318.85,-18.76
318.85,-18.00
318.85,-17.36
318.85,-18.43
318.86,-18.76
318.86,-18.97
318.86,-18.11
318.86,-18.65
318.86,-17.46
318.86,-18.54
318.86,-18.65
318.86,-18.65
318.86,-18.11
318.86,-17.79
318.87,-18.86
318.87,-18.00
318.87,-17.25
318.87,-18.22
318.87,-18.76
318.87,-18.33
318.88,-18.43
318.88,-18.65
318.88,-17.25
318.88,-19.08
318.89,-19.40
318.89,-19.30
318.89,-16.49
318.89,-17.68
318.89,-18.22
318.89,-17.89
318.89,-18.86
318.89,-17.68
318.89,-19.08
318.89,-18.22
318.90,-18.43
318.90,-18.43
318.90,-18.00
318.90,-18.76
318.90,-18.97
318.90,-17.68
318.90,-18.76
318.90,-18.22
318.90,-17.57
318.90,-18.22
318.91,-18.54
318.91,-18.11
318.91,-18.11
318.91,-18.11
318.92,-18.54
318.92,-18.65
318.92,-18.65
318.92,-18.97
318.92,-18.11
318.92,-18.54
318.93,-17.57
318.93,-18.97
318.93,-18.76
318.93,-18.76
318.93,-18.43
318.93,-18.43
318.93,-17.79
318.93,-18.76
318.93,-18.86
318.93,-18.54
318.94,-18.43
318.94,-18.86
318.94,-18.00
318.94,-16.49
318.94,-18.54
318.94,-17.79
318.94,-18.22
318.94,-18.33
318.94,-16.39
318.94,-17.46
318.94,-19.08
318.95,-17.14
318.95,-18.97
318.95,-18.76
318.95,-17.79
318.95,-18.97
318.95,-17.25
318.95,-17.57
318.95,-18.43
318.95,-18.65
318.96,-18.11
318.97,-18.76
318.97,-18.11
318.97,-17.79
318.97,-18.22
318.97,-18.11
318.97,-18.11
318.97,-18.86
318.97,-18.33
318.97,-17.79
318.97,-18.54
318.98,-18.33
318.98,-18.11
318.98,-19.08
318.98,-18.54
318.98,-17.46
318.98,-17.46
318.98,-19.08
318.98,-18.22
318.98,-18.86
318.98,-18.00
318.99,-19.19
318.99,-18.43
318.99,-18.76
318.99,-18.86
318.99,-16.92
318.99,-18.00
318.99,-19.19
319.00,-18.33
319.00,-17.46
319.00,-18.43
319.01,-18.11
319.01,-18.11
319.01,-18.22
319.01,-18.11
319.01,-18.00
319.01,-18.33
319.01,-17.36
319.01,-18.43
319.01,-18.43
319.01,-19.08
319.02,-18.43
319.02,-18.43
319.02,-19.19
319.02,-19.30
319.02,-18.76
319.02,-18.65
319.02,-18.43
319.02,-18.65
319.02,-17.79
319.02,-18.43
319.03,-18.65
319.03,-19.08
319.03,-18.22
319.03,-17.68
319.03,-18.76
319.03,-17.46
319.03,-19.08
319.03,-18.65
319.03,-18.65
319.04,-18.11
319.04,-18.65
319.05,-18.76
319.05,-18.65
319.05,-18.65
319.05,-18.22
319.05,-18.43
319.05,-18.97
319.05,-18.43
319.05,-17.79
319.05,-18.76
319.05,-17.36
319.06,-17.68
319.06,-19.19
319.06,-18.86
319.06,-18.22
319.06,-18.86
319.06,-19.19
319.06,-19.51
319.06,-17.46
319.06,-18.86
319.06,-18.11
319.07,-18.22
319.07,-16.82
319.07,-18.11
319.07,-19.08
319.07,-17.46
319.07,-18.86
319.07,-18.22
319.07,-17.46
319.07,-18.65
319.07,-17.79
319.08,-18.00
319.08,-18.76
319.09,-17.68
319.09,-18.43
319.09,-18.65
319.09,-17.79
319.09,-18.22
319.09,-18.86
319.09,-16.82
319.09,-18.86
319.10,-17.79
319.10,-17.68
319.10,-18.65
319.10,-18.86
319.10,-18.76
319.10,-19.84
319.10,-17.79
319.10,-17.89
319.10,-18.65
319.10,-18.76
319.11,-19.30
319.11,-17.36
319.11,-17.46
319.11,-18.76
319.11,-18.86
319.11,-18.86
319.11,-18.86
319.11,-17.79
319.11,-18.22
319.11,-18.43
319.12,-18.11
319.12,-16.71
319.12,-18.43
319.12,-18.22
319.13,-16.49
319.13,-17.79
319.13,-18.22
319.13,-18.97
319.13,-17.57
319.13,-18.11
319.13,-18.54
319.14,-18.11
319.14,-18.65
319.14,-17.79
319.14,-18.65
319.14,-19.08
319.14,-18.00
319.14,-16.92
319.14,-17.46
319.14,-18.22
319.14,-18.43
319.15,-18.43
319.15,-18.97
319.15,-17.46
319.15,-18.22
319.15,-18.43
319.15,-18.65
319.15,-15.95
319.15,-17.25
319.15,-18.54
319.15,-18.54
319.16,-17.03
319.17,-18.97
319.17,-18.97
319.17,-19.40
319.17,-17.46
319.17,-19.08
319.17,-18.97
319.17,-18.86
319.17,-17.03
319.17,-18.00
319.18,-18.54
319.18,-18.33
319.18,-18.97
319.18,-19.19
319.18,-18.65
319.18,-17.57
319.18,-18.43
319.18,-17.46
319.18,-18.00
319.18,-18.76
319.19,-17.79
319.19,-18.54
319.19,-17.36
319.19,-18.43
319.19,-18.54
319.19,-18.65
319.19,-19.19
319.19,-17.46
319.19,-16.28
319.19,-18.11
319.20,-16.39
319.20,-18.43
319.20,-18.11
319.20,-18.86
319.20,-18.22
319.20,-17.79
319.21,-18.86
319.21,-18.86
319.21,-18.97
319.21,-17.57
319.22,-19.19
319.22,-19.08
319.22,-17.68
319.22,-18.65
319.22,-18.54
319.22,-18.54
319.22,-18.76
319.22,-17.36
319.22,-18.11
319.22,-18.22
319.22,-18.54
319.23,-18.86
319.23,-17.57
319.23,-18.86
319.23,-18.97
319.23,-19.08
319.23,-18.54
319.23,-17.79
319.23,-18.86
319.23,-18.43
319.23,-18.54
319.24,-19.19
319.24,-18.22
319.24,-18.65
319.25,-18.65
319.25,-16.82
319.25,-17.46
319.25,-17.79
319.25,-18.65
319.25,-18.97
319.25,-18.65
319.26,-19.08
319.26,-18.65
319.26,-18.86
319.26,-18.54
319.26,-17.46
319.26,-17.46
319.26,-18.65
319.26,-18.86
319.26,-18.65
319.26,-19.19
319.27,-18.76
319.27,-17.89
319.27,-18.65
319.27,-18.11
319.27,-17.57
319.27,-19.08
319.27,-18.97
319.27,-18.97
319.27,-18.54
319.27,-16.71
319.28,-18.97
319.28,-19.30
319.28,-19.19
319.28,-18.65
319.28,-19.08
319.29,-18.54
319.29,-17.68
319.29,-19.19
319.29,-18.54
319.29,-18.43
319.30,-17.25
319.30,-18.22
319.30,-18.43
319.30,-18.54
319.30,-18.86
319.30,-18.43
319.30,-16.71
319.30,-17.46
319.30,-18.54
319.30,-18.65
319.31,-18.54
319.31,-17.36
319.31,-17.25
319.31,-19.08
319.31,-18.65
319.31,-18.86
319.31,-18.54
319.31,-18.86
319.31,-18.65
319.31,-17.79
319.31,-18.65
319.32,-18.86
319.32,-18.65
319.32,-18.22
319.32,-18.86
319.32,-18.76
319.32,-17.46
319.32,-18.65
319.32,-18.97
319.32,-18.76
319.33,-19.08
319.34,-17.03
319.34,-18.22
319.34,-18.86
319.34,-18.54
319.34,-18.86
319.34,-18.00
319.34,-17.46
319.34,-17.57
319.34,-18.43
319.34,-18.97
319.35,-16.39
319.35,-18.00
319.35,-19.08
319.35,-18.43
319.35,-17.68
319.35,-19.08
319.35,-17.57
319.35,-18.33
319.35,-18.22
319.35,-18.54
319.36,-17.36
319.36,-18.76
319.36,-18.22
319.36,-18.86
319.36,-17.68
319.36,-18.65
319.36,-18.43
319.36,-17.46
319.37,-18.43
319.37,-18.00
319.38,-18.76
319.38,-18.33
319.38,-18.54
319.38,-19.08
319.38,-18.65
319.38,-19.08
319.38,-18.65
319.38,-16.71
319.38,-17.57
319.38,-16.39
319.39,-18.65
319.39,-18.65
319.39,-18.11
319.39,-18.43
319.39,-18.11
319.39,-18.43
319.39,-18.43
319.39,-18.00
319.39,-18.11
319.39,-19.19
319.40,-18.00
319.40,-19.08
319.40,-18.00
319.40,-17.25
319.40,-16.39
319.40,-18.11
319.40,-18.43
319.40,-18.65
319.40,-18.54
319.40,-18.43
319.40,-18.43
319.42,-19.19
319.42,-19.19
319.42,-18.76
319.42,-17.03
319.42,-18.22
319.42,-19.08
319.42,-18.86
319.42,-18.65
319.42,-17.46
319.42,-17.79
319.43,-18.11
319.43,-17.46
319.43,-18.00
319.43,-19.08
319.43,-18.43
319.43,-18.65
319.43,-18.54
319.43,-17.46
319.43,-18.86
319.43,-18.97
319.44,-18.11
319.44,-18.43
319.44,-18.54
319.44,-18.22
319.44,-18.65
319.44,-18.54
319.44,-19.08
319.44,-18.97
319.44,-16.82
319.44,-16.82
319.45,-18.11
319.45,-18.33
319.45,-18.54
319.46,-18.97
319.46,-16.92
319.46,-17.89
319.46,-18.43
319.46,-18.43
319.46,-18.65
319.46,-18.86
319.47,-18.65
319.47,-18.11
319.47,-18.65
319.47,-17.14
319.47,-18.86
319.47,-18.86
319.47,-18.65
319.47,-18.54
319.47,-19.08
319.47,-16.06
319.48,-18.97
319.48,-17.36
319.48,-18.65
319.48,-18.65
319.48,-18.22
319.48,-18.11
319.48,-18.65
319.48,-18.97
319.48,-18.97
319.48,-18.11
319.49,-18.86
319.50,-16.82
319.50,-16.28
319.50,-16.71
319.50,-17.79
319.50,-18.43
319.50,-18.65
319.50,-18.86
319.50,-17.46
319.50,-16.17
319.50,-17.46
319.51,-18.65
319.51,-18.65
319.51,-18.22
319.51,-18.11
319.51,-18.54
319.51,-18.65
319.51,-17.68
319.51,-16.82
319.51,-17.46
319.51,-18.00
319.52,-18.97
319.52,-18.86
319.52,-17.46
319.52,-18.54
319.52,-18.43
319.52,-18.43
319.52,-18.76
319.52,-18.65
319.52,-16.92
319.52,-18.54
319.53,-18.65
319.53,-18.22
319.54,-18.54
319.54,-18.86
319.54,-18.11
319.54,-19.08
319.54,-18.43
319.54,-16.49
319.54,-17.46
319.54,-18.43
319.55,-18.11
319.55,-18.11
319.55,-18.76
319.55,-18.65
319.55,-19.08
319.55,-19.08
319.55,-17.46
319.55,-19.08
319.55,-18.33
319.55,-17.68
319.56,-18.97
319.56,-17.46
319.56,-18.43
319.56,-17.25
319.56,-18.76
319.56,-19.30
319.56,-18.65
319.56,-18.65
319.56,-17.46
319.56,-18.22
319.57,-18.11
319.57,-18.11
319.57,-18.97
319.57,-18.43
319.57,-19.08
319.57,-18.43
319.57,-17.36
319.58,-17.36
319.58,-18.86
319.58,-18.86
319.59,-17.46
319.59,-18.11
319.59,-19.40
319.59,-18.54
319.59,-18.43
319.59,-18.33
319.59,-18.86
319.59,-18.00
319.59,-18.11
319.59,-18.65
319.59,-18.54
319.60,-18.22
319.60,-18.54
319.60,-18.54
319.60,-18.65
319.60,-19.40
319.60,-18.54
319.60,-18.11
319.60,-18.54
319.60,-18.54
319.60,-19.08
319.61,-17.14
319.61,-18.65
319.61,-18.54
319.61,-18.97
319.62,-18.22
319.62,-16.71
319.62,-16.71
319.62,-18.54
319.62,-18.54
319.62,-18.65
319.63,-19.19
319.63,-17.89
319.63,-18.43
319.63,-18.43
319.63,-18.86
319.63,-18.65
319.63,-18.54
319.63,-17.89
319.63,-18.65
319.63,-18.22
319.64,-18.43
319.64,-18.76
319.64,-21.67
319.64,-18.00
319.64,-18.43
319.64,-18.43
319.64,-17.79
319.64,-17.68
319.64,-18.97
319.64,-18.22
319.65,-18.86
319.65,-18.54
319.65,-18.65
319.65,-18.65
319.65,-17.03
319.65,-17.46
319.65,-17.79
319.65,-18.43
319.65,-18.43
319.66,-18.65
319.67,-18.43
319.67,-17.14
319.67,-17.79
319.67,-17.79
319.67,-18.00
319.67,-18.65
319.67,-18.76
319.67,-18.00
319.67,-18.22
319.67,-17.46
319.68,-17.57
319.68,-18.97
319.68,-18.76
319.68,-18.54
319.68,-18.11
319.68,-18.22
319.68,-18.86
319.68,-18.54
319.68,-17.14
319.68,-19.51
319.68,-18.43
319.69,-15.74
319.69,-17.46
319.69,-18.00
319.69,-18.22
319.69,-18.86
319.69,-18.22
319.69,-18.86
319.69,-18.33
319.69,-17.46
319.69,-17.79
319.71,-19.08
319.71,-18.22
319.71,-18.22
319.71,-18.43
319.71,-18.54
319.71,-18.86
319.71,-17.46
319.71,-17.46
319.71,-17.68
319.71,-18.54
319.72,-17.79
319.72,-17.79
319.72,-19.19
319.72,-18.11
319.72,-16.92
319.72,-18.11
319.72,-18.11
319.72,-18.54
319.72,-18.22
319.72,-18.22
319.73,-18.43
319.73,-18.86
319.73,-17.46
319.73,-15.95
319.73,-17.57
319.73,-18.22
319.73,-18.86
319.73,-18.86
319.74,-18.76
319.74,-18.65
319.75,-18.00
319.75,-19.19
319.75,-19.08
319.75,-19.51
319.75,-18.76
319.75,-17.46
319.75,-17.68
319.75,-18.43
319.75,-17.79
319.75,-17.57
319.76,-18.43
319.76,-17.46
319.76,-18.11
319.76,-18.86
319.76,-18.00
319.76,-18.65
319.76,-20.27
319.76,-18.65
319.76,-18.65
319.76,-18.65
319.77,-18.22
319.77,-18.43
319.77,-19.51
319.77,-18.33
319.77,-18.86
319.77,-18.00
319.77,-17.68
319.77,-18.33
319.77,-18.43
319.77,-18.54
319.77,-18.11
319.79,-18.11
319.79,-18.43
319.79,-18.11
319.79,-17.79
319.79,-18.97
319.79,-18.65
319.79,-18.97
319.79,-18.86
319.79,-19.08
319.79,-18.43
319.80,-17.03
319.80,-18.65
319.80,-18.22
319.80,-18.97
319.80,-18.00
319.80,-18.00
319.80,-18.76
319.80,-19.30
319.80,-17.89
319.80,-18.43
319.81,-18.43
319.81,-18.22
319.81,-18.54
319.81,-18.22
319.81,-18.54
319.81,-18.33
319.81,-18.54
319.81,-17.25
319.81,-18.54
319.81,-17.25
319.82,-16.06
319.82,-17.03
319.82,-17.46
319.83,-18.33
319.83,-18.54
319.83,-18.86
319.83,-18.00
319.83,-17.36
319.83,-17.14
319.83,-17.46
319.84,-18.86
319.84,-18.54
319.84,-18.00
319.84,-18.11
319.84,-18.00
319.84,-18.33
319.84,-18.65
319.84,-18.65
319.84,-18.65
319.84,-18.11
319.85,-18.76
319.85,-18.43
319.85,-18.65
319.85,-17.68
319.85,-19.08
319.85,-18.11
319.85,-19.30
319.85,-17.79
319.85,-18.86
319.85,-17.68
319.86,-18.22
319.86,-18.97
319.87,-17.46
319.87,-18.43
319.87,-17.68
319.87,-18.65
319.87,-18.54
319.87,-18.65
319.87,-18.65
319.87,-17.46
319.87,-18.11
319.88,-18.43
319.88,-18.00
319.88,-18.22
319.88,-18.00
319.88,-19.08
319.88,-18.65
319.88,-19.19
319.88,-18.54
319.88,-17.89
319.88,-17.79
319.89,-20.16
319.89,-16.60
319.89,-19.08
319.89,-18.22
319.89,-18.65
319.89,-18.11
319.89,-18.33
319.89,-18.43
319.89,-17.68
319.89,-17.46
319.90,-18.97
319.90,-18.65
319.90,-19.08
319.90,-18.76
319.90,-17.46
319.90,-16.82
319.91,-18.76
319.91,-18.76
319.91,-18.43
319.91,-18.86
319.92,-18.00
319.92,-18.54
319.92,-18.22
319.92,-18.86
319.92,-18.76
319.92,-18.76
319.92,-19.08
319.92,-18.65
319.92,-18.97
319.92,-18.65
319.93,-19.30
319.93,-18.65
319.93,-19.08
319.93,-18.54
319.93,-18.65
319.93,-18.54
319.93,-17.03
319.93,-18.00
319.93,-18.43
319.93,-18.76
319.94,-17.57
319.94,-17.46
319.94,-16.28
319.94,-17.79
319.94,-18.86
319.94,-18.86
319.94,-18.54
319.94,-18.86
319.95,-18.54
319.95,-18.33
319.96,-17.36
319.96,-17.36
319.96,-17.46
319.96,-18.97
319.96,-18.86
319.96,-18.86
319.96,-18.22
319.96,-18.97
319.96,-18.54
319.96,-20.59
319.96,-19.08
319.97,-19.19
319.97,-18.11
319.97,-18.76
319.97,-18.00
319.97,-18.43
319.97,-18.86
319.97,-18.76
319.97,-18.76
319.97,-17.46
319.97,-18.54
319.98,-18.97
319.98,-17.46
319.98,-18.22
319.98,-19.19
319.98,-18.22
319.99,-18.54
319.99,-18.97
319.99,-17.46
319.99,-18.65
319.99,-19.08
320.00,-18.97
320.00,-18.97
320.00,-17.89
320.00,-18.43
320.00,-18.54
320.00,-19.19
320.00,-18.11
320.00,-19.40
320.00,-18.54
320.00,-16.82
320.01,-18.11
320.01,-18.65
320.01,-18.33
320.01,-18.86
320.01,-17.79
320.01,-17.36
320.01,-18.00
320.01,-18.54
320.01,-19.08
320.01,-18.22
320.02,-18.76
320.02,-19.19
320.02,-18.22
320.02,-17.68
320.02,-17.25
320.02,-18.22
320.02,-18.65
320.02,-19.08
320.02,-19.08
320.02,-17.25
320.04,-17.25
320.04,-16.71
320.04,-18.76
320.04,-18.97
320.04,-18.86
320.04,-18.97
320.04,-18.54
320.04,-17.36
320.04,-17.36
320.04,-18.11
320.05,-18.54
320.05,-19.62
320.05,-18.43
320.05,-18.00
320.05,-18.11
320.05,-18.43
320.05,-18.43
320.05,-18.65
320.05,-17.14
320.05,-18.65
320.05,-17.79
320.06,-18.97
320.06,-17.68
320.06,-17.46
320.06,-18.00
320.06,-18.65
320.06,-19.08
320.06,-18.11
320.06,-18.00
320.06,-16.71
320.06,-18.33
320.08,-18.43
320.08,-19.30
320.08,-18.76
320.08,-18.11
320.08,-18.54
320.08,-18.54
320.08,-18.54
320.08,-18.33
320.08,-18.43
320.08,-18.22
320.09,-18.54
320.09,-18.97
320.09,-18.43
320.09,-18.22
320.09,-18.22
320.09,-18.54
320.09,-18.65
320.09,-18.76
320.09,-19.19
320.09,-19.08
320.10,-17.57
320.10,-19.08
320.10,-18.54
320.10,-18.11
320.10,-18.86
320.10,-17.14
320.10,-18.54
320.10,-18.65
320.10,-18.00
320.11,-15.95
320.12,-16.82
320.12,-18.22
320.12,-18.86
320.12,-18.54
320.12,-18.86
320.12,-17.46
320.12,-18.00
320.12,-18.65
320.12,-18.65
320.12,-18.97
320.13,-18.86
320.13,-18.22
320.13,-18.22
320.13,-18.43
320.13,-18.97
320.13,-17.57
320.13,-18.97
320.13,-17.46
320.13,-18.43
320.13,-20.05
320.14,-18.22
320.14,-18.86
320.14,-19.84
320.14,-18.76
320.14,-18.97
320.14,-18.43
320.14,-18.43
320.14,-18.43
320.14,-18.76
320.14,-18.54
320.14,-18.11
320.15,-18.76
320.15,-18.54
320.16,-18.65
320.16,-18.97
320.16,-18.22
320.16,-18.43
320.16,-18.33
320.16,-18.43
320.16,-18.43
320.16,-18.33
320.17,-17.46
320.17,-17.79
320.17,-18.65
320.17,-18.54
320.17,-19.08
320.17,-17.68
320.17,-18.54
320.17,-18.65
320.17,-18.65
320.17,-18.86
320.18,-17.46
320.18,-18.65
320.18,-17.79
320.18,-18.86
320.18,-18.86
320.18,-18.22
320.18,-18.65
320.18,-18.76
320.18,-18.11
320.18,-17.89
320.19,-18.11
320.19,-18.86
320.19,-18.54
320.19,-18.97
320.20,-17.89
320.20,-18.54
320.20,-18.22
320.20,-19.30
320.20,-18.33
320.20,-17.79
320.21,-19.08
320.21,-18.11
320.21,-18.54
320.21,-18.65
320.21,-17.46
320.21,-18.11
320.21,-18.65
320.21,-18.43
320.21,-18.54
320.21,-18.76
320.22,-18.54
320.22,-18.65
320.22,-19.08
320.22,-18.22
320.22,-18.43
320.22,-19.08
320.22,-18.43
320.22,-18.00
320.22,-19.19
320.22,-17.57
320.23,-17.57
320.23,-18.54
320.24,-19.19
320.24,-18.43
320.24,-18.11
320.24,-16.60
320.24,-18.43
320.24,-18.97
320.24,-18.11
320.24,-18.65
320.24,-18.11
320.25,-18.97
320.25,-17.79
320.25,-17.36
320.25,-18.22
320.25,-18.86
320.25,-17.46
320.25,-18.65
320.25,-19.19
320.25,-16.49
320.25,-19.08
320.26,-17.57
320.26,-17.14
320.26,-19.19
320.26,-18.65
320.26,-18.65
320.26,-19.51
320.26,-18.86
320.26,-18.97
320.26,-18.97
320.26,-18.00
320.27,-18.54
320.27,-18.97
320.27,-19.19
320.27,-18.65
320.27,-17.36
320.27,-18.43
320.27,-17.89
320.28,-18.65
320.28,-18.86
320.28,-18.11
320.29,-18.54
320.29,-18.86
320.29,-18.43
320.29,-18.54
320.29,-18.97
320.29,-19.08
320.29,-18.86
320.29,-18.54
320.29,-17.03
320.29,-18.54
320.30,-18.65
320.30,-16.71
320.30,-18.54
320.30,-19.73
320.30,-19.08
320.30,-18.54
320.30,-18.54
320.30,-18.76
320.30,-17.57
320.30,-18.65
320.31,-17.46
320.31,-18.97
320.31,-19.51
320.31,-18.43
320.31,-19.40
320.31,-17.46
320.31,-17.79
320.31,-19.08
320.32,-19.08
320.32,-18.43
320.33,-18.76
320.33,-18.11
320.33,-17.46
320.33,-18.22
320.33,-19.08
320.33,-18.54
320.33,-19.19
320.33,-17.68
320.33,-17.79
320.33,-18.76
320.33,-18.65
320.34,-19.08
320.34,-18.97
320.34,-18.11
320.34,-18.65
320.34,-18.54
320.34,-18.86
320.34,-18.43
320.34,-19.19
320.34,-18.76
320.34,-16.71
320.35,-18.97
320.35,-18.97
320.35,-18.97
320.35,-18.54
320.35,-16.49
320.35,-17.25
320.36,-18.00
320.36,-18.76
320.36,-18.86
320.36,-19.08
320.37,-18.43
320.37,-18.43
320.37,-18.97
320.37,-18.97
320.37,-19.19
320.37,-16.92
320.37,-18.33
320.37,-18.97
320.37,-18.97
320.37,-18.00
320.38,-19.08
320.38,-18.65
320.38,-16.92
320.38,-18.97
320.38,-18.76
320.38,-19.40
320.38,-18.00
320.38,-18.11
320.38,-18.97
320.38,-18.86
320.39,-18.97
320.39,-18.43
320.39,-16.49
320.39,-18.86
320.39,-18.65
320.39,-18.33
320.39,-16.82
320.39,-19.08
320.39,-18.54
320.39,-17.14
320.41,-19.08
320.41,-19.19
320.41,-16.49
320.41,-19.08
320.41,-18.97
320.41,-19.19
320.41,-18.86
320.41,-18.97
320.41,-18.86
320.41,-17.79
320.42,-17.79
320.42,-19.40
320.42,-17.03
320.42,-18.86
320.42,-18.00
320.42,-19.08
320.42,-16.39
320.42,-18.86
320.42,-18.00
320.42,-19.08
320.42,-18.76
320.43,-18.86
320.43,-18.65
320.43,-18.76
320.43,-19.08
320.43,-19.08
320.43,-18.86
320.43,-18.76
320.43,-19.19
320.43,-16.60
320.43,-18.43
320.44,-18.11
320.45,-18.86
320.45,-18.00
320.45,-19.08
320.45,-18.86
320.45,-17.46
320.45,-17.68
320.45,-18.11
320.45,-19.08
320.45,-19.08
320.46,-19.08
320.46,-19.08
320.46,-19.30
320.46,-18.00
320.46,-18.97
320.46,-18.86
320.46,-18.97
320.46,-18.86
320.46,-17.89
320.46,-17.46
320.47,-18.86
320.47,-18.54
320.47,-18.00
320.47,-18.43
320.47,-17.68
320.47,-18.00
320.47,-18.86
320.47,-19.19
320.47,-19.19
320.47,-19.19
320.49,-18.54
320.49,-19.08
320.49,-19.19
320.49,-17.57
320.49,-17.89
320.49,-17.25
320.49,-18.76
320.49,-18.86
320.49,-19.08
320.49,-18.54
320.50,-17.46
320.50,-18.86
320.50,-18.65
320.50,-19.08
320.50,-18.43
320.50,-18.97
320.50,-17.03
320.50,-17.25
320.50,-18.76
320.50,-19.08
320.51,-18.43
320.51,-18.43
320.51,-18.54
320.51,-18.97
320.51,-18.65
320.51,-18.54
320.51,-19.08
320.51,-18.86
320.51,-17.68
320.51,-18.00
320.51,-17.36
320.52,-18.86
320.52,-18.86
320.52,-18.97
320.53,-18.43
320.53,-18.86
320.53,-18.86
320.53,-18.65
320.53,-19.08
320.53,-18.65
320.53,-18.33
320.54,-16.28
320.54,-18.43
320.54,-18.43
320.54,-19.19
320.54,-19.19
320.54,-19.19
320.54,-16.60
320.54,-16.92
320.54,-18.00
320.54,-18.97
320.55,-18.65
320.55,-18.97
320.55,-18.97
320.55,-18.54
320.55,-18.00
320.55,-18.65
320.55,-19.19
320.55,-18.97
320.55,-19.19
320.55,-18.65
320.56,-18.97
320.56,-18.54
320.56,-16.71
320.56,-18.33
320.56,-18.97
320.57,-19.19
320.57,-18.65
320.57,-18.65
320.57,-18.76
320.57,-17.46
320.58,-17.46
320.58,-17.79
320.58,-19.08
320.58,-18.65
320.58,-19.08
320.58,-18.86
320.58,-19.08
320.58,-18.00
320.58,-17.57
320.58,-18.65
320.59,-18.86
320.59,-18.65
320.59,-17.57
320.59,-18.00
320.59,-18.65
320.59,-18.54
320.59,-18.97
320.59,-18.97
320.59,-19.08
320.59,-15.74
320.60,-18.97
320.60,-17.89
320.60,-18.43
320.61,-18.65
320.61,-18.86
320.61,-17.25
320.61,-18.22
320.61,-18.86
320.61,-19.08
320.61,-18.86
320.61,-19.19
320.62,-18.97
320.62,-18.65
320.62,-17.57
320.62,-18.76
320.62,-18.76
320.62,-18.22
320.62,-18.65
320.62,-19.19
320.62,-18.97
320.62,-17.46
320.63,-18.54
320.63,-17.46
320.63,-16.71
320.63,-19.08
320.63,-19.08
320.63,-18.11
320.63,-18.97
320.63,-19.08
320.63,-18.11
320.63,-19.19
320.64,-19.08
320.64,-17.46
320.64,-18.76
320.64,-19.08
320.64,-18.86
320.64,-18.97
320.64,-18.97
320.65,-18.65
320.65,-18.65
320.65,-19.08
320.66,-19.19
320.66,-18.54
320.66,-17.89
320.66,-17.68
320.66,-18.22
320.66,-18.86
320.66,-19.19
320.66,-19.19
320.66,-19.08
320.66,-18.76
320.67,-19.30
320.67,-18.65
320.67,-19.08
320.67,-19.19
320.67,-19.40
320.67,-18.54
320.67,-18.54
320.67,-15.74
320.67,-18.43
320.67,-19.19
320.68,-18.86
320.68,-18.86
320.68,-19.19
320.68,-18.76
320.68,-18.97
320.68,-18.86
320.68,-18.00
320.68,-19.19
320.68,-19.19
320.69,-19.19
320.70,-18.54
320.70,-18.65
320.70,-18.97
320.70,-17.46
320.70,-17.36
320.70,-19.08
320.70,-18.54
320.70,-18.97
320.70,-18.54
320.70,-18.97
320.70,-16.71
320.71,-18.97
320.71,-18.65
320.71,-18.00
320.71,-17.46
320.71,-18.33
320.71,-18.76
320.71,-18.11
320.71,-19.19
320.71,-19.19
320.71,-17.36
320.72,-17.46
320.72,-17.46
320.72,-18.65
320.72,-19.19
320.72,-18.65
320.72,-17.36
320.73,-18.76
320.73,-18.65
320.73,-18.86
320.73,-18.76
320.74,-17.57
320.74,-18.86
320.74,-18.76
320.74,-18.76
320.74,-19.19
320.74,-19.19
320.74,-17.57
320.74,-18.97
320.74,-18.65
320.74,-19.19
320.75,-18.97
320.75,-19.19
320.75,-18.65
320.75,-17.46
320.75,-18.86
320.75,-19.19
320.75,-19.30
320.75,-19.19
320.75,-17.46
320.75,-18.86
320.76,-20.91
320.76,-18.00
320.76,-18.76
320.76,-18.97
320.76,-18.43
320.76,-18.43
320.76,-18.65
320.76,-18.22
320.76,-19.08
320.76,-19.08
320.77,-18.43
320.78,-19.08
320.78,-19.19
320.78,-19.08
320.78,-17.25
320.78,-18.76
320.78,-17.68
320.78,-19.19
320.78,-18.86
320.78,-20.37
320.79,-18.65
320.79,-18.97
320.79,-18.86
320.79,-18.86
320.79,-18.86
320.79,-18.86
320.79,-18.33
320.79,-18.65
320.79,-19.08
320.79,-19.08
320.79,-18.86
320.80,-18.54
320.80,-18.97
320.80,-18.86
320.80,-18.65
320.80,-19.30
320.80,-18.86
320.80,-19.19
320.80,-17.57
320.80,-18.76
320.81,-18.54
320.81,-18.43
320.82,-18.86
320.82,-18.86
320.82,-18.65
320.82,-18.97
320.82,-17.79
320.82,-16.71
320.82,-18.11
320.82,-19.19
320.82,-17.57
320.83,-18.54
320.83,-18.43
320.83,-18.97
320.83,-18.43
320.83,-17.79
320.83,-17.14
320.83,-18.22
320.83,-18.54
320.83,-18.43
320.83,-18.65
320.84,-18.76
320.84,-19.30
320.84,-19.19
320.84,-18.97
320.84,-18.76
320.84,-18.00
320.84,-17.89
320.84,-19.08
320.84,-19.19
320.84,-16.82
320.86,-18.76
320.86,-18.43
320.86,-18.22
320.86,-18.54
320.86,-17.03
320.86,-18.43
320.86,-18.54
320.86,-18.43
320.86,-19.30
320.86,-18.86
320.87,-18.43
320.87,-18.97
320.87,-18.76
320.87,-17.68
320.87,-18.11
320.87,-18.65
320.87,-19.19
320.87,-18.76
320.87,-19.08
320.87,-18.11
320.88,-18.86
320.88,-18.97
320.88,-18.11
320.88,-18.43
320.88,-18.86
320.88,-19.19
320.88,-18.65
320.88,-18.86
320.88,-17.79
320.88,-18.65
320.88,-18.22
320.89,-18.11
320.89,-18.65
320.89,-18.65
320.89,-18.86
320.90,-18.22
320.90,-18.22
320.90,-18.00
320.90,-16.82
320.90,-18.86
320.90,-18.00
320.91,-17.25
320.91,-18.97
320.91,-18.54
320.91,-18.97
320.91,-17.46
320.91,-17.25
320.91,-18.43
320.91,-19.40
320.91,-18.97
320.91,-18.54
320.92,-19.30
320.92,-18.86
320.92,-17.79
320.92,-18.86
320.92,-18.65
320.92,-18.97
320.92,-18.43
320.92,-17.89
320.92,-18.65
320.92,-18.86
320.93,-18.54
320.93,-17.36
320.93,-18.76
320.93,-18.33
320.93,-17.36
320.93,-18.00
320.94,-19.08
320.94,-18.43
320.94,-19.08
320.94,-17.89
320.95,-17.46
320.95,-20.27
320.95,-17.79
320.95,-19.62
320.95,-18.76
320.95,-18.33
320.95,-18.11
320.95,-18.86
320.95,-18.86
320.95,-17.46
320.96,-18.86
320.96,-18.65
320.96,-18.86
320.96,-18.54
320.96,-18.11
320.96,-18.76
320.96,-17.57
320.96,-17.68
320.96,-18.00
320.96,-19.19
320.97,-18.43
320.97,-17.25
320.97,-17.46
320.97,-18.86
320.98,-19.08
320.98,-18.86
320.98,-18.76
320.98,-19.19
320.98,-18.54
320.98,-17.68
320.98,-18.11
320.99,-18.54
320.99,-17.57
320.99,-19.30
320.99,-18.11
320.99,-18.11
320.99,-19.19
320.99,-18.11
320.99,-17.79
320.99,-17.89
320.99,-19.08
321.00,-19.19
321.00,-18.43
321.00,-18.43
321.00,-18.86
321.00,-17.57
321.00,-19.08
321.00,-18.86
321.00,-19.19
321.00,-18.22
321.00,-18.33
321.01,-19.19
321.01,-17.46
321.01,-18.43
321.01,-18.43
321.01,-18.43
321.01,-18.97
321.01,-18.43
321.01,-18.86
321.02,-17.79
321.02,-17.79
321.03,-17.03
321.03,-18.54
321.03,-18.65
321.03,-18.54
321.03,-19.19
321.03,-19.30
321.03,-19.30
321.03,-18.97
321.03,-17.57
321.03,-18.43
321.04,-18.43
321.04,-18.22
321.04,-18.97
321.04,-19.19
321.04,-19.08
321.04,-18.11
321.04,-19.30
321.04,-18.76
321.04,-18.97
321.04,-19.08
321.05,-18.54
321.05,-18.65
321.05,-18.65
321.05,-18.65
321.05,-17.68
321.05,-16.60
321.06,-19.30
321.06,-18.54
321.06,-19.19
321.06,-18.65
321.07,-18.65
321.07,-17.14
321.07,-17.57
321.07,-18.22
321.07,-19.19
321.07,-18.86
321.07,-18.86
321.07,-17.14
321.07,-18.43
321.07,-18.65
321.07,-18.86
321.08,-18.86
321.08,-16.28
321.08,-16.71
321.08,-18.33
321.08,-19.51
321.08,-18.76
321.08,-18.86
321.08,-17.46
321.08,-19.08
321.08,-18.76
321.09,-17.14
321.09,-18.00
321.09,-18.86
321.09,-18.86
321.09,-18.76
321.09,-19.08
321.09,-18.65
321.10,-18.43
321.10,-18.97
321.10,-18.43
321.11,-16.60
321.11,-18.22
321.11,-18.54
321.11,-18.22
321.11,-19.08
321.11,-18.97
321.11,-17.79
321.11,-18.65
321.11,-18.22
321.11,-17.79
321.12,-18.54
321.12,-18.86
321.12,-18.65
321.12,-19.19
321.12,-17.79
321.12,-18.65
321.12,-18.65
321.12,-17.68
321.12,-18.43
321.12,-17.46
321.13,-18.76
321.13,-18.86
321.13,-18.97
321.13,-18.65
321.13,-18.33
321.13,-17.46
321.13,-18.43
321.13,-19.19
321.13,-18.76
321.13,-18.86
321.14,-18.22
321.15,-17.36
321.15,-18.97
321.15,-18.76
321.15,-19.08
321.15,-17.25
321.15,-16.71
321.15,-18.97
321.15,-18.54
321.15,-17.14
321.16,-18.22
321.16,-18.65
321.16,-18.65
321.16,-18.86
321.16,-18.97
321.16,-17.36
321.16,-18.76
321.16,-19.08
321.16,-18.86
321.16,-18.43
321.16,-19.08
321.17,-18.86
321.17,-19.19
321.17,-18.43
321.17,-18.43
321.17,-18.86
321.17,-19.08
321.17,-18.86
321.17,-20.16
321.17,-19.40
321.18,-17.57
321.18,-18.33
321.18,-18.22
321.19,-18.00
321.19,-18.22
321.19,-18.65
321.19,-17.79
321.19,-18.11
321.19,-18.65
321.19,-19.19
321.19,-18.65
321.20,-18.86
321.20,-18.43
321.20,-18.54
321.20,-18.54
321.20,-19.30
321.20,-16.28
321.20,-18.54
321.20,-18.22
321.20,-18.11
321.20,-18.97
321.21,-18.86
321.21,-18.86
321.21,-18.65
321.21,-18.65
321.21,-18.22
321.21,-18.54
321.21,-17.36
321.21,-18.11
321.21,-18.65
321.21,-18.43
321.23,-18.97
321.23,-18.43
321.23,-18.86
321.23,-18.65
321.23,-18.86
321.23,-18.65
321.23,-18.00
321.23,-18.76
321.23,-18.65
321.23,-18.22
321.24,-19.30
321.24,-19.19
321.24,-18.86
321.24,-18.65
321.24,-18.97
321.24,-18.54
321.24,-16.92
321.24,-19.08
321.24,-19.08
321.24,-18.76
321.25,-16.92
321.25,-17.68
321.25,-17.14
321.25,-18.54
321.25,-18.22
321.25,-18.76
321.25,-16.82
321.25,-18.86
321.25,-17.46
321.25,-18.43
321.25,-18.65
321.26,-18.97
321.26,-18.86
321.26,-17.46
321.26,-18.54
321.26,-18.76
321.27,-18.97
321.27,-19.08
321.27,-19.19
321.27,-18.65
321.27,-17.46
321.28,-18.65
321.28,-18.97
321.28,-18.86
321.28,-19.08
321.28,-18.22
321.28,-19.62
321.28,-18.11
321.28,-17.89
321.28,-18.86
321.28,-19.19
321.29,-17.25
321.29,-17.68
321.29,-16.92
321.29,-18.65
321.29,-19.51
321.29,-18.97
321.29,-18.86
321.29,-17.14
321.29,-17.79
321.29,-17.36
321.30,-18.00
321.30,-17.79
321.30,-18.43
321.31,-19.19
321.31,-18.65
321.31,-18.97
321.31,-18.22
321.31,-18.00
321.31,-18.76
321.31,-19.08
321.32,-18.65
321.32,-18.00
321.32,-19.19
321.32,-18.22
321.32,-18.97
321.32,-18.54
321.32,-18.86
321.32,-16.17
321.32,-18.54
321.32,-18.65
321.33,-18.54
321.33,-18.65
321.33,-17.89
321.33,-18.54
321.33,-18.54
321.33,-17.46
321.33,-19.19
321.33,-18.43
321.33,-17.57
321.33,-18.86
321.34,-18.97
321.34,-17.46
321.34,-18.00
321.34,-18.65
321.34,-18.76
321.35,-18.54
321.35,-18.11
321.35,-19.19
321.35,-18.22
321.35,-18.97
321.35,-16.39
321.36,-18.65
321.36,-18.11
321.36,-18.54
321.36,-18.43
321.36,-18.97
321.36,-18.86
321.36,-18.97
321.36,-19.08
321.36,-18.86
321.36,-17.57
321.37,-16.82
321.37,-18.54
321.37,-18.43
321.37,-18.11
321.37,-18.54
321.37,-18.97
321.37,-17.57
321.37,-18.43
321.37,-17.89
321.37,-18.76
321.38,-18.54
321.38,-17.68
321.38,-19.08
321.38,-18.86
321.38,-18.86
321.38,-19.19
321.38,-18.54
321.38,-18.43
321.38,-17.14
321.39,-19.08
321.40,-18.86
321.40,-17.36
321.40,-18.86
321.40,-19.08
321.40,-19.62
321.40,-18.43
321.40,-19.19
321.40,-18.22
321.40,-18.00
321.40,-18.43
321.41,-19.30
321.41,-18.11
321.41,-18.86
321.41,-18.43
321.41,-17.46
321.41,-18.22
321.41,-18.54
321.41,-19.62
321.41,-19.19
321.41,-18.65
321.42,-18.54
321.42,-17.46
321.42,-18.86
321.42,-17.46
321.42,-18.54
321.42,-18.65
321.42,-18.65
321.43,-18.65
321.43,-18.11
321.43,-18.43
321.44,-18.76
321.44,-18.00
321.44,-19.30
321.44,-19.08
321.44,-18.00
321.44,-19.08
321.44,-18.11
321.44,-18.43
321.44,-18.54
321.44,-15.74
321.44,-18.65
321.45,-18.76
321.45,-19.08
321.45,-16.60
321.45,-19.08
321.45,-18.54
321.45,-18.43
321.45,-17.89
321.45,-18.54
321.45,-17.36
321.45,-19.40
321.46,-18.65
321.46,-16.49
321.46,-18.11
321.46,-18.76
321.46,-20.37
321.46,-16.39
321.46,-18.43
321.46,-18.97
321.46,-18.97
321.46,-18.43
321.48,-16.82
321.48,-18.43
321.48,-18.97
321.48,-18.97
321.48,-19.08
321.48,-18.86
321.48,-18.65
321.48,-18.76
321.48,-18.65
321.48,-18.65
321.49,-17.57
321.49,-17.68
321.49,-18.86
321.49,-18.43
321.49,-17.46
321.49,-18.43
321.49,-17.46
321.49,-18.43
321.49,-17.25
321.49,-18.22
321.50,-18.86
321.50,-18.43
321.50,-18.00
321.50,-19.08
321.50,-18.65
321.50,-15.95
321.50,-18.86
321.50,-18.97
321.50,-18.65
321.50,-18.65
321.51,-18.65
321.51,-19.08
321.52,-17.03
321.52,-18.43
321.52,-18.76
321.52,-18.86
321.52,-18.11
321.52,-19.08
321.52,-19.08
321.52,-17.57
321.53,-19.84
321.53,-18.97
321.53,-17.89
321.53,-18.54
321.53,-18.00
321.53,-19.19
321.53,-18.76
321.53,-18.54
321.53,-18.65
321.53,-18.97
321.53,-16.92
321.54,-18.54
321.54,-18.43
321.54,-18.65
321.54,-18.43
321.54,-18.86
321.54,-19.08
321.54,-17.46
321.54,-19.08
321.54,-18.43
321.54,-17.57
321.56,-19.08
321.56,-18.97
321.56,-16.49
321.56,-18.43
321.56,-18.97
321.56,-18.86
321.56,-18.86
321.56,-18.76
321.56,-18.22
321.56,-17.46
321.57,-16.82
321.57,-19.19
321.57,-17.68
321.57,-18.97
321.57,-19.08
321.57,-18.43
321.57,-17.79
321.57,-18.86
321.57,-18.43
321.57,-18.76
321.58,-18.65
321.58,-19.40
321.58,-18.65
321.58,-17.25
321.58,-16.82
321.58,-18.86
321.58,-19.30
321.58,-18.86
321.58,-17.46
321.58,-17.57
321.59,-18.65
321.60,-19.08
321.60,-18.65
321.60,-18.86
321.60,-17.36
321.60,-17.36
321.60,-18.11
321.60,-18.86
321.60,-18.54
321.60,-18.65
321.61,-18.97
321.61,-18.97
321.61,-19.19
321.61,-17.79
321.61,-18.65
321.61,-18.65
321.61,-18.86
321.61,-19.08
321.61,-17.46
321.61,-17.79
321.62,-18.86
321.62,-18.65
321.62,-18.86
321.62,-19.19
321.62,-17.46
321.62,-18.76
321.62,-17.46
321.62,-19.19
321.62,-18.43
321.62,-18.76
321.62,-17.14
321.63,-18.97
321.63,-19.84
321.63,-18.00
321.63,-18.65
321.63,-18.86
321.64,-18.97
321.64,-16.71
321.64,-19.51
321.64,-18.76
321.64,-18.54
321.65,-18.65
321.65,-19.19
321.65,-19.19
321.65,-17.57
321.65,-18.76
321.65,-19.19
321.65,-19.40
321.65,-18.76
321.65,-17.25
321.65,-18.97
321.66,-19.19
321.66,-19.19
321.66,-19.08
321.66,-18.43
321.66,-18.22
321.66,-18.97
321.66,-18.22
321.66,-19.08
321.66,-17.68
321.66,-18.00
321.67,-19.08
321.67,-18.65
321.67,-17.46
321.67,-19.19
321.68,-18.54
321.68,-18.86
321.68,-18.86
321.68,-18.22
321.68,-18.11
321.68,-19.08
321.69,-18.97
321.69,-18.86
321.69,-18.65
321.69,-19.08
321.69,-16.92
321.69,-18.11
321.69,-19.51
321.69,-18.65
321.69,-16.71
321.69,-17.46
321.70,-16.82
321.70,-18.22
321.70,-18.22
321.70,-19.19
321.70,-18.54
321.70,-18.54
321.70,-17.79
321.70,-19.40
321.70,-18.76
321.70,-18.86
321.71,-18.54
321.71,-18.76
321.71,-18.11
321.71,-17.57
321.71,-17.89
321.71,-18.76
321.71,-18.00
321.71,-18.65
321.71,-17.03
321.72,-18.76
321.72,-18.43
321.73,-18.65
321.73,-18.86
321.73,-18.76
321.73,-17.03
321.73,-18.76
321.73,-18.65
321.73,-19.08
321.73,-18.65
321.73,-16.28
321.73,-18.22
321.74,-19.19
321.74,-18.86
321.74,-18.43
321.74,-17.36
321.74,-17.46
321.74,-17.46
321.74,-18.22
321.74,-18.54
321.74,-18.43
321.74,-18.76
321.75,-19.08
321.75,-18.22
321.75,-16.17
321.75,-18.76
321.75,-19.30
321.75,-18.86
321.75,-18.33
321.75,-18.43
321.75,-18.33
321.76,-18.86
321.77,-18.65
321.77,-19.30
321.77,-17.79
321.77,-17.89
321.77,-18.86
321.77,-18.43
321.77,-18.65
321.77,-18.76
321.77,-18.22
321.77,-18.76
321.78,-18.65
321.78,-18.00
321.78,-17.89
321.78,-18.54
321.78,-18.97
321.78,-18.33
321.78,-18.65
321.78,-17.25
321.78,-18.65
321.78,-18.43
321.79,-17.79
321.79,-18.97
321.79,-18.86
321.79,-18.97
321.79,-19.08
321.79,-18.11
321.79,-18.54
321.79,-18.11
321.80,-18.11
321.80,-18.54
321.81,-18.54
321.81,-18.54
321.81,-17.46
321.81,-18.65
321.81,-19.08
321.81,-18.76
321.81,-18.54
321.81,-18.33
321.81,-18.00
321.81,-18.65
321.81,-19.19
321.82,-18.65
321.82,-19.30
321.82,-18.43
321.82,-18.65
321.82,-19.19
321.82,-18.65
321.82,-18.43
321.82,-18.76
321.82,-17.68
321.82,-18.86
321.83,-18.65
321.83,-17.68
321.83,-18.76
321.83,-18.54
321.83,-17.79
321.83,-18.76
321.83,-18.65
321.83,-18.86
321.83,-18.54
321.83,-17.46
321.85,-18.65
321.85,-19.51
321.85,-19.51
321.85,-19.19
321.85,-17.57
321.85,-18.11
321.85,-18.22
321.85,-19.51
321.85,-19.94
321.85,-18.86
321.86,-18.54
321.86,-18.43
321.86,-17.46
321.86,-18.54
321.86,-18.22
321.86,-17.46
321.86,-18.97
321.86,-18.97
321.86,-17.57
321.86,-17.68
321.87,-18.54
321.87,-18.43
321.87,-18.86
321.87,-18.00
321.87,-18.65
321.87,-18.54
321.87,-17.36
321.87,-18.11
321.87,-18.54
321.87,-18.76
321.88,-17.68
321.88,-19.08
321.88,-19.19
321.89,-17.89
321.89,-19.08
321.89,-18.65
321.89,-18.86
321.89,-19.08
321.89,-19.19
321.89,-17.36
321.90,-18.11
321.90,-18.97
321.90,-17.89
321.90,-17.14
321.90,-18.43
321.90,-18.43
321.90,-18.43
321.90,-18.22
321.90,-19.19
321.90,-17.46
321.90,-18.54
321.91,-18.76
321.91,-17.79
321.91,-18.11
321.91,-18.86
321.91,-18.54
321.91,-18.97
321.91,-18.11
321.91,-17.46
321.91,-18.65
321.91,-18.22
321.93,-18.43
321.93,-18.54
321.93,-18.33
321.93,-18.65
321.93,-18.22
321.93,-16.82
321.93,-18.43
321.93,-18.97
321.93,-18.76
321.93,-18.54
321.94,-18.76
321.94,-19.30
321.94,-19.30
321.94,-18.43
321.94,-17.79
321.94,-18.65
321.94,-19.08
321.94,-18.65
321.94,-17.57
321.94,-18.86
321.95,-16.28
321.95,-17.25
321.95,-18.11
321.95,-18.65
321.95,-18.65
321.95,-18.11
321.95,-17.68
321.95,-16.92
321.95,-18.00
321.95,-18.22
321.96,-17.46
321.96,-18.54
321.96,-19.19
321.96,-19.19
321.96,-18.54
321.97,-18.86
321.97,-18.65
321.97,-18.86
321.97,-17.57
321.97,-18.97
321.98,-18.65
321.98,-18.86
321.98,-18.76
321.98,-18.97
321.98,-18.86
321.98,-18.76
321.98,-18.65
321.98,-18.00
321.98,-18.97
321.98,-19.19
321.99,-18.43
321.99,-17.79
321.99,-18.43
321.99,-18.54
321.99,-18.97
321.99,-18.65
321.99,-19.08
321.99,-18.43
321.99,-18.54
321.99,-17.14
321.99,-18.22
322.00,-19.19
322.00,-16.49
322.00,-19.08
322.00,-18.76
322.00,-19.94
322.00,-19.19
322.01,-18.76
322.01,-17.46
322.01,-18.76
322.01,-17.79
322.02,-18.86
322.02,-18.86
322.02,-18.22
322.02,-17.14
322.02,-18.00
322.02,-18.00
322.02,-18.43
322.02,-18.97
322.02,-18.65
322.02,-18.65
322.03,-16.92
322.03,-17.46
322.03,-18.97
322.03,-18.54
322.03,-19.94
322.03,-17.46
322.03,-18.86
322.03,-16.82
322.03,-18.76
322.03,-18.54
322.04,-17.57
322.04,-18.97
322.04,-18.54
322.04,-18.86
322.05,-18.65
322.05,-18.43
322.05,-17.25
322.05,-18.43
322.05,-19.19
322.05,-18.86
322.06,-19.19
322.06,-18.86
322.06,-18.54
322.06,-17.46
322.06,-17.46
322.06,-18.54
322.06,-18.86
322.06,-18.65
322.06,-18.76
322.06,-17.89
322.07,-18.54
322.07,-18.65
322.07,-18.43
322.07,-17.46
322.07,-18.00
322.07,-17.14
322.07,-18.54
322.07,-18.86
322.07,-19.19
322.07,-19.08
322.08,-18.97
322.08,-18.76
322.08,-17.68
322.08,-18.86
322.08,-19.19
322.08,-19.62
322.08,-17.36
322.08,-17.68
322.08,-19.19
322.09,-19.40
322.09,-20.59
322.10,-17.14
322.10,-19.40
322.10,-18.65
322.10,-19.08
322.10,-18.54
322.10,-18.54
322.10,-18.22
322.10,-18.43
322.10,-18.97
322.10,-18.54
322.11,-19.08
322.11,-18.54
322.11,-18.65
322.11,-18.54
322.11,-18.43
322.11,-18.65
322.11,-18.97
322.11,-17.57
322.11,-18.86
322.11,-17.79
322.12,-17.89
322.12,-18.65
322.12,-18.97
322.12,-18.86
322.12,-18.00
322.12,-18.86
322.12,-18.65
322.12,-18.76
322.12,-19.19
322.12,-18.65
322.14,-18.54
322.14,-18.65
322.14,-19.30
322.14,-19.08
322.14,-18.22
322.14,-18.76
322.14,-18.65
322.14,-18.86
322.14,-18.86
322.14,-19.08
322.15,-18.76
322.15,-18.43
322.15,-19.19
322.15,-19.19
322.15,-18.86
322.15,-18.97
322.15,-19.19
322.15,-19.08
322.15,-17.14
322.15,-18.43
322.16,-19.30
322.16,-16.49
322.16,-18.65
322.16,-18.86
322.16,-18.76
322.16,-19.40
322.16,-18.86
322.16,-16.49
322.16,-18.97
322.17,-18.65
322.18,-19.08
322.18,-18.43
322.18,-18.33
322.18,-19.08
322.18,-18.86
322.18,-17.79
322.18,-19.19
322.18,-19.19
322.18,-19.08
322.18,-18.33
322.18,-18.76
322.19,-19.40
322.19,-16.82
322.19,-19.08
322.19,-18.76
322.19,-19.30
322.19,-18.65
322.19,-19.19
322.19,-18.54
322.19,-16.71
322.19,-18.65
322.20,-17.68
322.20,-18.65
322.20,-18.97
322.20,-18.00
322.20,-17.57
322.20,-19.19
322.20,-18.86
322.20,-18.65
322.20,-17.46
322.20,-19.19
322.21,-18.00
322.21,-19.84
322.22,-17.46
322.22,-17.57
322.22,-18.65
322.22,-19.19
322.22,-17.36
322.22,-18.65
322.22,-19.19
322.22,-19.40
322.23,-18.86
322.23,-18.86
322.23,-17.79
322.23,-18.22
322.23,-19.19
322.23,-17.57
322.23,-18.76
322.23,-18.76
322.23,-18.43
322.23,-18.22
322.24,-18.97
322.24,-18.86
322.24,-18.76
322.24,-17.57
322.24,-19.19
322.24,-19.19
322.24,-17.36
322.24,-17.79
322.24,-18.86
322.24,-18.65
322.25,-18.65
322.25,-17.68
322.25,-18.43
322.25,-19.08
322.26,-16.71
322.26,-18.00
322.26,-17.68
322.26,-18.65
322.26,-18.97
322.26,-18.11
322.27,-17.57
322.27,-17.03
322.27,-18.65
322.27,-18.54
322.27,-18.11
322.27,-18.86
322.27,-18.43
322.27,-17.89
322.27,-18.86
322.27,-18.22
322.27,-19.08
322.28,-19.19
322.28,-18.54
322.28,-18.43
322.28,-17.46
322.28,-18.97
322.28,-18.86
322.28,-18.43
322.28,-18.43
322.28,-18.43
322.28,-16.71
322.29,-19.62
322.30,-18.76
322.30,-18.65
322.30,-18.76
322.30,-17.14
322.30,-18.33
322.30,-18.11
322.30,-17.89
322.30,-18.22
322.30,-18.97
322.31,-17.03
322.31,-18.54
322.31,-19.19
322.31,-19.08
322.31,-18.22
322.31,-17.57
322.31,-19.08
322.31,-18.43
322.31,-19.19
322.31,-19.08
322.32,-18.86
322.32,-18.65
322.32,-18.54
322.32,-18.65
322.32,-18.86
322.32,-18.65
322.32,-18.11
322.32,-18.22
322.32,-18.65
322.32,-18.65
322.33,-18.97
322.33,-18.86
322.33,-17.14
322.33,-18.65
322.33,-18.22
322.33,-18.86
322.34,-18.33
322.34,-18.65
322.34,-18.76
322.34,-18.54
322.35,-18.54
322.35,-17.46
322.35,-18.76
322.35,-18.86
322.35,-17.79
322.35,-17.14
322.35,-19.19
322.35,-18.97
322.35,-15.63
322.35,-18.22
322.36,-18.86
322.36,-16.92
322.36,-17.79
322.36,-18.00
322.36,-18.65
322.36,-18.22
322.36,-19.08
322.36,-17.89
322.36,-17.68
322.36,-15.85
322.36,-18.54
322.37,-18.43
322.37,-18.00
322.37,-18.86
322.37,-18.86
322.37,-18.86
322.37,-18.97
322.37,-18.43
322.38,-17.89
322.38,-18.97
322.38,-18.54
322.39,-18.76
322.39,-18.43
322.39,-19.19
322.39,-19.19
322.39,-16.92
322.39,-17.79
322.39,-18.65
322.39,-18.11
322.39,-18.65
322.39,-18.54
322.40,-17.25
322.40,-17.89
322.40,-18.97
322.40,-18.43
322.40,-18.97
322.40,-18.65
322.40,-16.39
322.40,-18.00
322.40,-19.19
322.40,-16.06
322.41,-19.08
322.41,-18.65
322.41,-18.54
322.41,-18.11
322.41,-18.97
322.42,-18.76
322.42,-17.89
322.42,-18.86
322.42,-19.19
322.42,-18.54
322.43,-18.54
322.43,-19.08
322.43,-18.22
322.43,-18.65
322.43,-17.36
322.43,-18.54
322.43,-18.86
322.43,-17.68
322.43,-18.22
322.43,-18.97
322.44,-17.36
322.44,-18.11
322.44,-18.54
322.44,-18.97
322.44,-18.65
322.44,-19.19
322.44,-18.22
322.44,-18.65
322.44,-18.76
322.44,-18.11
322.45,-18.54
322.45,-18.11
322.45,-18.76
322.45,-18.22
322.45,-19.08
322.45,-18.97
322.45,-18.33
322.45,-18.54
322.45,-17.46
322.45,-17.36
322.46,-17.79
322.47,-17.79
322.47,-18.86
322.47,-18.00
322.47,-17.57
322.47,-19.08
322.47,-18.54
322.47,-18.43
322.47,-16.92
322.47,-18.76
322.47,-18.76
322.48,-17.36
322.48,-18.22
322.48,-18.65
322.48,-18.43
322.48,-18.86
322.48,-17.14
322.48,-18.76
322.48,-18.00
322.48,-17.46
322.48,-17.46
322.49,-17.89
322.49,-16.82
322.49,-18.22
322.49,-17.79
322.49,-18.97
322.49,-18.22
322.49,-19.19
322.50,-18.97
322.50,-18.76
322.50,-17.46
322.51,-18.76
322.51,-18.00
322.51,-16.71
322.51,-17.57
322.51,-18.11
322.51,-18.86
322.51,-18.54
322.51,-18.97
322.51,-18.54
322.51,-17.25
322.52,-17.79
322.52,-16.49
322.52,-18.65
322.52,-18.43
322.52,-18.97
322.52,-18.86
322.52,-17.46
322.52,-19.08
322.52,-18.86
322.52,-18.00
322.53,-18.65
322.53,-19.19
322.53,-18.97
322.53,-19.19
322.53,-16.82
322.53,-17.14
322.53,-18.65
322.53,-19.19
322.53,-19.51
322.54,-18.86
322.55,-17.79
322.55,-17.68
322.55,-18.65
322.55,-18.86
322.55,-18.86
322.55,-18.65
322.55,-18.65
322.55,-18.86
322.55,-19.08
322.55,-18.11
322.55,-17.14
322.56,-18.11
322.56,-18.65
322.56,-18.22
322.56,-18.11
322.56,-19.19
322.56,-19.19
322.56,-18.86
322.56,-18.43
322.56,-17.57
322.56,-18.86
322.57,-18.43
322.57,-17.79
322.57,-16.71
322.57,-19.19
322.57,-17.25
322.57,-18.43
322.57,-18.11
322.57,-16.39
322.57,-17.89
322.57,-18.00
322.58,-18.43
322.58,-18.86
322.58,-17.36
322.59,-18.43
322.59,-18.86
322.59,-18.22
322.59,-19.08
322.59,-16.49
322.59,-18.86
322.59,-18.43
322.60,-18.86
322.60,-18.43
322.60,-18.54
322.60,-18.33
322.60,-18.86
322.60,-17.57
322.60,-18.65
322.60,-19.73
322.60,-17.89
322.60,-17.46
322.61,-18.54
322.61,-19.19
322.61,-17.68
322.61,-18.22
322.61,-17.46
322.61,-18.65
322.61,-19.08
322.61,-18.43
322.61,-17.46
322.61,-18.65
322.62,-19.73
322.62,-18.97
322.62,-18.54
322.62,-16.92
322.63,-18.86
322.63,-18.76
322.63,-18.76
322.63,-18.97
322.63,-18.86
322.63,-17.46
322.64,-19.08
322.64,-18.54
322.64,-18.43
322.64,-18.86
322.64,-18.86
322.64,-19.19
322.64,-18.97
322.64,-17.89
322.64,-17.46
322.64,-18.54
322.64,-18.54
322.65,-18.65
322.65,-18.54
322.65,-18.00
322.65,-16.82
322.65,-18.33
322.65,-18.65
322.65,-18.86
322.65,-18.86
322.65,-18.54
322.65,-17.36
322.66,-18.65
322.66,-18.11
322.67,-18.76
322.67,-18.97
322.67,-19.19
322.67,-16.71
322.67,-18.76
322.67,-17.79
322.67,-19.08
322.67,-18.86
322.68,-18.43
322.68,-17.57
322.68,-18.00
322.68,-18.86
322.68,-18.65
322.68,-18.86
322.68,-16.71
322.68,-18.43
322.68,-18.22
322.68,-18.11
322.69,-18.97
322.69,-16.28
322.69,-18.65
322.69,-18.43
322.69,-18.86
322.69,-18.54
322.69,-18.97
322.69,-18.76
322.69,-19.08
322.69,-18.86
322.70,-18.54
322.70,-17.46
322.70,-17.46
322.70,-18.11
322.70,-18.22
322.70,-18.86
322.70,-18.86
322.71,-17.89
322.71,-17.03
322.71,-17.57
322.72,-17.79
322.72,-17.57
322.72,-18.43
322.72,-18.86
322.72,-18.86
322.72,-18.97
322.72,-18.97
322.72,-18.65
322.72,-17.36
322.72,-18.76
322.73,-19.19
322.73,-19.19
322.73,-18.54
322.73,-17.79
322.73,-17.46
322.73,-18.00
322.73,-19.08
322.73,-18.22
322.73,-18.65
322.73,-19.08
322.73,-17.36
322.74,-18.43
322.74,-18.11
322.74,-17.46
322.74,-16.60
322.75,-18.65
322.75,-18.86
322.75,-18.22
322.75,-18.11
322.75,-17.57
322.75,-17.79
322.76,-18.76
322.76,-18.86
322.76,-18.54
322.76,-18.00
322.76,-18.86
322.76,-18.54
322.76,-18.43
322.76,-17.46
322.76,-19.30
322.76,-18.76
322.77,-18.65
322.77,-19.40
322.77,-18.97
322.77,-17.79
322.77,-17.57
322.77,-17.68
322.77,-18.65
322.77,-18.97
322.77,-18.43
322.77,-18.76
322.78,-18.97
322.78,-18.86
322.78,-19.19
322.78,-18.86
322.78,-17.36
322.78,-18.00
322.79,-18.54
322.79,-18.00
322.79,-18.97
322.79,-16.49
322.80,-18.54
322.80,-18.43
322.80,-18.65
322.80,-18.65
322.80,-18.54
322.80,-19.19
322.80,-18.65
322.80,-18.65
322.80,-18.76
322.80,-17.46
322.81,-19.08
322.81,-18.86
322.81,-18.76
322.81,-18.65
322.81,-18.86
322.81,-18.33
322.81,-18.54
322.81,-18.76
322.81,-18.54
322.81,-18.65
322.82,-17.79
322.82,-19.08
322.82,-18.86
322.82,-18.76
322.82,-18.00
322.82,-17.89
322.82,-18.86
322.82,-18.54
322.82,-18.11
322.82,-18.22
322.82,-18.54
322.84,-18.43
322.84,-16.71
322.84,-17.79
322.84,-18.76
322.84,-18.86
322.84,-18.97
322.84,-18.86
322.84,-18.86
322.84,-19.19
322.84,-17.79
322.85,-19.08
322.85,-18.86
322.85,-18.33
322.85,-16.71
322.85,-17.68
322.85,-18.54
322.85,-18.97
322.85,-18.54
322.85,-18.43
322.85,-18.11
322.86,-18.97
322.86,-18.76
322.86,-18.43
322.86,-19.08
322.86,-17.46
322.86,-18.65
322.86,-18.76
322.86,-18.76
322.87,-19.08
322.87,-18.65
322.87,-17.46
322.88,-18.22
322.88,-18.97
322.88,-18.43
322.88,-18.22
322.88,-16.92
322.88,-18.65
322.88,-19.08
322.88,-18.86
322.88,-19.19
322.89,-18.43
322.89,-18.65
322.89,-16.82
322.89,-18.22
322.89,-18.65
322.89,-18.86
322.89,-18.11
322.89,-18.76
322.89,-18.76
322.89,-16.71
322.90,-19.08
322.90,-18.22
322.90,-17.25
322.90,-18.22
322.90,-18.65
322.90,-18.54
322.90,-18.54
322.90,-17.46
322.90,-16.92
322.90,-17.46
322.92,-18.86
322.92,-18.54
322.92,-18.43
322.92,-19.30
322.92,-18.22
322.92,-19.30
322.92,-17.79
322.92,-17.79
322.92,-18.22
322.92,-18.65
322.92,-18.86
322.93,-17.03
322.93,-19.08
322.93,-19.08
322.93,-18.76
322.93,-19.51
322.93,-19.08
322.93,-18.65
322.93,-16.06
322.93,-18.43
322.93,-18.86
322.94,-18.86
322.94,-17.46
322.94,-18.22
322.94,-18.11
322.94,-18.54
322.94,-19.19
322.94,-19.08
322.94,-17.57
322.94,-18.65
322.94,-18.00
322.95,-18.54
322.95,-19.08
322.95,-18.97
322.96,-18.97
322.96,-18.97
322.96,-18.65
322.96,-18.00
322.96,-18.43
322.96,-17.89
322.96,-18.54
322.97,-18.00
322.97,-17.25
322.97,-17.57
322.97,-18.33
322.97,-18.86
322.97,-18.54
322.97,-18.43
322.97,-16.49
322.97,-18.43
322.97,-17.36
322.98,-19.08
322.98,-16.39
322.98,-18.65
322.98,-19.08
322.98,-17.79
322.98,-18.54
322.98,-16.49
322.98,-17.89
322.98,-18.97
322.98,-18.65
322.99,-18.86
322.99,-17.25
323.00,-18.11
323.00,-18.86
323.00,-18.86
323.00,-19.19
323.00,-17.68
323.00,-19.19
323.00,-19.08
323.00,-17.46
323.01,-18.00
323.01,-18.97
323.01,-19.19
323.01,-19.08
323.01,-18.76
323.01,-18.11
323.01,-19.19
323.01,-18.86
323.01,-17.68
323.01,-18.76
323.01,-17.89
323.02,-18.76
323.02,-18.22
323.02,-18.43
323.02,-17.14
323.02,-18.00
323.02,-18.11
323.02,-18.43
323.02,-18.22
323.02,-18.11
323.02,-18.65
323.03,-18.65
323.03,-18.97
323.04,-18.22
323.04,-17.46
323.04,-18.00
323.04,-18.43
323.04,-18.86
323.04,-18.86
323.04,-18.76
323.04,-16.39
323.05,-18.86
323.05,-19.51
323.05,-19.62
323.05,-17.14
323.05,-18.65
323.05,-18.65
323.05,-18.86
323.05,-18.86
323.05,-18.97
323.05,-18.76
323.06,-19.19
323.06,-17.25
323.06,-17.68
323.06,-17.14
323.06,-18.86
323.06,-18.65
323.06,-18.43
323.06,-18.76
323.06,-17.46
323.06,-18.33
323.07,-18.65
323.07,-18.11
323.07,-18.65
323.07,-18.86
323.07,-18.97
323.07,-18.43
323.07,-17.46
323.08,-18.43
323.08,-17.68
323.08,-18.33
323.09,-17.46
323.09,-16.71
323.09,-18.97
323.09,-18.76
323.09,-18.97
323.09,-19.30
323.09,-19.19
323.09,-17.57
323.09,-18.00
323.09,-18.86
323.10,-18.65
323.10,-18.65
323.10,-19.08
323.10,-19.08
323.10,-18.33
323.10,-16.71
323.10,-18.65
323.10,-18.86
323.10,-18.43
323.10,-17.89
323.10,-19.19
323.11,-16.82
323.11,-18.00
323.11,-18.22
323.11,-18.33
323.11,-18.65
323.12,-18.65
323.12,-18.54
323.12,-17.46
323.12,-18.97
323.12,-18.86
323.13,-19.73
323.13,-18.65
323.13,-17.46
323.13,-18.76
323.13,-18.76
323.13,-18.97
323.13,-18.86
323.13,-18.22
323.13,-18.00
323.13,-18.43
323.14,-19.08
323.14,-17.57
323.14,-18.43
323.14,-18.65
323.14,-18.97
323.14,-18.54
323.14,-17.46
323.14,-18.65
323.14,-18.97
323.14,-18.97
323.15,-18.54
323.15,-18.43
323.15,-18.65
323.15,-19.08
323.15,-18.86
323.15,-19.19
323.15,-17.46
323.15,-18.43
323.15,-18.54
323.15,-18.97
323.17,-18.54
323.17,-18.76
323.17,-17.79
323.17,-18.22
323.17,-18.54
323.17,-18.86
323.17,-18.22
323.17,-18.97
323.17,-18.97
323.17,-18.86
323.18,-18.11
323.18,-18.22
323.18,-18.76
323.18,-19.51
323.18,-18.54
323.18,-17.68
323.18,-18.11
323.18,-19.19
323.18,-18.97
323.18,-18.65
323.19,-18.86
323.19,-18.00
323.19,-18.97
323.19,-18.43
323.19,-18.65
323.19,-18.54
323.19,-19.08
323.19,-19.30
323.19,-17.46
323.19,-17.25
323.19,-18.97
323.21,-17.79
323.21,-18.00
323.21,-19.08
323.21,-18.65
323.21,-18.00
323.21,-18.54
323.21,-16.71
323.21,-16.49
323.21,-19.19
323.21,-18.22
323.22,-18.11
323.22,-18.43
323.22,-18.97
323.22,-18.65
323.22,-19.08
323.22,-18.54
323.22,-18.86
323.22,-18.97
323.22,-18.54
323.22,-18.76
323.23,-18.54
323.23,-17.79
323.23,-18.86
323.23,-18.11
323.23,-18.65
323.23,-16.06
323.23,-17.79
323.23,-18.11
323.23,-19.19
323.24,-18.22
323.25,-18.76
323.25,-17.57
323.25,-18.43
323.25,-18.11
323.25,-18.43
323.25,-18.22
323.25,-18.86
323.25,-18.86
323.25,-18.86
323.25,-17.68
323.26,-18.65
323.26,-18.65
323.26,-18.97
323.26,-19.19
323.26,-18.00
323.26,-17.57
323.26,-18.00
323.26,-19.19
323.26,-18.86
323.26,-18.43
323.27,-18.86
323.27,-18.86
323.27,-18.65
323.27,-18.33
323.27,-17.57
323.27,-18.65
323.27,-18.76
323.27,-18.43
323.27,-18.86
323.27,-18.65
323.29,-18.65
323.29,-18.00
323.29,-18.43
323.29,-18.97
323.29,-18.76
323.29,-19.08
323.29,-18.65
323.29,-18.65
323.29,-16.60
323.29,-18.43
323.29,-17.25
323.30,-17.46
323.30,-18.43
323.30,-18.97
323.30,-19.19
323.30,-19.08
323.30,-19.19
323.30,-19.19
323.30,-16.82
323.30,-18.86
323.30,-18.33
323.31,-18.65
323.31,-18.86
323.31,-17.79
323.31,-19.19
323.31,-18.54
323.31,-18.54
323.31,-18.54
323.31,-19.19
323.31,-18.54
323.31,-18.86
323.32,-18.65
323.32,-18.33
323.32,-18.65
323.32,-19.51
323.33,-18.54
323.33,-18.86
323.33,-18.65
323.33,-18.54
323.33,-17.79
323.33,-17.68
323.34,-18.00
323.34,-18.22
323.34,-18.54
323.34,-16.39
323.34,-18.00
323.34,-18.65
323.34,-18.43
323.34,-18.65
323.34,-17.89
323.34,-19.19
323.35,-18.54
323.35,-18.86
323.35,-18.86
323.35,-18.97
323.35,-18.22
323.35,-18.65
323.35,-18.22
323.35,-18.54
323.35,-18.65
323.35,-18.54
323.36,-18.76
323.36,-18.97
323.37,-18.00
323.37,-18.65
323.37,-18.54
323.37,-18.43
323.37,-18.43
323.37,-19.19
323.37,-18.22
323.37,-18.86
323.38,-18.65
323.38,-17.25
323.38,-18.43
323.38,-18.65
323.38,-18.43
323.38,-18.65
323.38,-19.51
323.38,-18.43
323.38,-16.49
323.38,-18.43
323.38,-18.11
323.39,-18.00
323.39,-17.36
323.39,-18.43
323.39,-17.68
323.39,-18.54
323.39,-18.11
323.39,-18.22
323.39,-19.19
323.39,-18.65
323.39,-18.43
323.40,-18.54
323.40,-18.86
323.40,-18.65
323.40,-16.92
323.40,-19.19
323.40,-16.71
323.41,-18.54
323.41,-18.65
323.41,-18.76
323.41,-18.00
323.42,-16.82
323.42,-17.46
323.42,-19.08
323.42,-18.65
323.42,-18.11
323.42,-18.86
323.42,-17.03
323.42,-17.46
323.42,-18.43
323.42,-18.65
323.43,-18.22
323.43,-18.65
323.43,-18.97
323.43,-17.46
323.43,-18.00
323.43,-18.00
323.43,-18.65
323.43,-18.86
323.43,-18.22
323.43,-18.11
323.44,-19.08
323.44,-18.54
323.44,-18.86
323.44,-18.00
323.44,-19.19
323.44,-19.19
323.44,-18.65
323.44,-18.86
323.45,-18.11
323.45,-17.14
323.46,-17.14
323.46,-18.86
323.46,-18.65
323.46,-18.43
323.46,-18.65
323.46,-18.54
323.46,-17.79
323.46,-19.08
323.46,-18.65
323.46,-18.86
323.47,-18.86
323.47,-18.76
323.47,-18.86
323.47,-18.43
323.47,-17.36
323.47,-18.43
323.47,-18.11
323.47,-19.08
323.47,-18.86
323.47,-19.19
323.47,-18.76
323.48,-18.00
323.48,-19.08
323.48,-16.92
323.48,-17.89
323.48,-17.03
323.49,-18.86
323.49,-18.86
323.49,-17.89
323.49,-18.43
323.49,-17.36
323.50,-18.65
323.50,-17.36
323.50,-18.54
323.50,-17.57
323.50,-18.97
323.50,-18.86
323.50,-17.89
323.50,-18.76
323.50,-19.73
323.50,-18.76
323.51,-17.57
323.51,-18.97
323.51,-18.86
323.51,-18.65
323.51,-15.85
323.51,-18.97
323.51,-18.43
323.51,-19.08
323.51,-18.97
323.51,-18.65
323.52,-18.86
323.52,-18.22
323.52,-18.22
323.52,-18.54
323.52,-17.46
323.52,-18.86
323.52,-17.89
323.52,-18.00
323.52,-18.11
323.52,-18.65
323.54,-16.82
323.54,-18.11
323.54,-18.76
323.54,-17.25
323.54,-18.00
323.54,-18.86
323.54,-17.46
323.54,-18.54
323.54,-18.86
323.54,-17.79
323.55,-18.54
323.55,-18.43
323.55,-17.46
323.55,-18.86
323.55,-17.25
323.55,-18.22
323.55,-19.30
323.55,-16.06
323.55,-18.65
323.55,-18.11
323.56,-18.43
323.56,-18.22
323.56,-18.65
323.56,-18.43
323.56,-18.11
323.56,-19.08
323.56,-18.43
323.56,-19.19
323.56,-19.08
323.56,-17.14
323.56,-18.22
323.57,-17.79
323.58,-18.22
323.58,-19.19
323.58,-18.65
323.58,-18.54
323.58,-18.65
323.58,-17.79
323.58,-18.65
323.58,-18.76
323.58,-17.57
323.59,-18.11
323.59,-17.14
323.59,-18.65
323.59,-19.19
323.59,-18.65
323.59,-18.00
323.59,-19.19
323.59,-18.65
323.59,-16.82
323.59,-18.54
323.60,-18.54
323.60,-18.54
323.60,-18.54
323.60,-18.97
323.60,-17.14
323.60,-19.51
323.60,-18.97
323.60,-16.92
323.60,-18.43
323.60,-18.76
323.62,-17.79
323.62,-17.46
323.62,-19.19
323.62,-17.79
323.62,-18.11
323.62,-17.14
323.62,-19.19
323.62,-18.65
323.62,-18.97
323.62,-17.68
323.63,-18.22
323.63,-18.43
323.63,-16.92
323.63,-18.11
323.63,-18.86
323.63,-18.11
323.63,-17.14
323.63,-18.22
323.63,-18.65
323.63,-19.08
323.64,-17.36
323.64,-19.08
323.64,-19.08
323.64,-17.46
323.64,-18.65
323.64,-18.65
323.64,-19.19
323.64,-18.65
323.64,-18.97
323.64,-18.65
323.65,-19.19
323.65,-17.46
323.65,-17.89
323.65,-18.86
323.66,-17.14
323.66,-18.97
323.66,-18.54
323.66,-19.08
323.66,-17.46
323.66,-18.54
323.66,-17.46
323.67,-18.33
323.67,-18.65
323.67,-19.08
323.67,-18.22
323.67,-18.97
323.67,-17.79
323.67,-17.03
323.67,-17.79
323.67,-18.86
323.67,-19.08
323.68,-18.11
323.68,-19.94
323.68,-18.54
323.68,-16.28
323.68,-18.43
323.68,-19.08
323.68,-18.65
323.68,-17.46
323.68,-18.54
323.68,-18.33
323.69,-18.00
323.69,-17.46
323.69,-18.97
323.69,-18.54
323.69,-17.68
323.70,-18.11
323.70,-18.43
323.70,-18.86
323.70,-17.79
323.70,-19.08
323.71,-17.68
323.71,-18.00
323.71,-18.22
323.71,-18.65
323.71,-17.79
323.71,-18.11
323.71,-18.54
323.71,-19.40
323.71,-18.33
323.71,-18.86
323.72,-18.43
323.72,-18.22
323.72,-18.65
323.72,-19.08
323.72,-17.46
323.72,-17.46
323.72,-18.22
323.72,-18.54
323.72,-18.43
323.72,-19.19
323.73,-18.11
323.73,-17.68
323.73,-16.28
323.74,-18.65
323.74,-18.86
323.74,-18.97
323.74,-19.08
323.74,-16.82
323.74,-17.46
323.74,-18.65
323.75,-18.43
323.75,-18.00
323.75,-19.51
323.75,-18.65
323.75,-17.89
323.75,-19.19
323.75,-18.97
323.75,-16.82
323.75,-19.73
323.75,-18.65
323.75,-18.65
323.76,-18.86
323.76,-18.43
323.76,-18.65
323.76,-17.46
323.76,-19.40
323.76,-18.54
323.76,-18.11
323.76,-18.65
323.76,-17.14
323.76,-17.46
323.77,-16.82
323.77,-18.11
323.77,-18.54
323.77,-18.86
323.77,-18.97
323.77,-18.65
323.77,-18.43
323.78,-18.86
323.78,-19.51
323.78,-18.43
323.79,-16.60
323.79,-18.43
323.79,-16.49
323.79,-18.76
323.79,-18.11
323.79,-18.54
323.79,-18.33
323.79,-17.36
323.79,-18.54
323.79,-18.97
323.80,-18.97
323.80,-18.97
323.80,-18.97
323.80,-18.54
323.80,-19.08
323.80,-17.46
323.80,-18.97
323.80,-18.43
323.80,-18.97
323.80,-18.65
323.81,-18.65
323.81,-17.79
323.81,-18.22
323.81,-17.36
323.81,-17.68
323.81,-18.43
323.81,-18.43
323.81,-19.30
323.81,-18.43
323.82,-17.68
323.83,-18.54
323.83,-18.76
323.83,-18.33
323.83,-18.11
323.83,-18.11
323.83,-19.08
323.83,-18.97
323.83,-19.08
323.83,-18.54
323.83,-18.11
323.84,-19.08
323.84,-18.65
323.84,-18.65
323.84,-18.54
323.84,-18.43
323.84,-19.19
323.84,-17.68
323.84,-18.33
323.84,-18.97
323.84,-17.79
323.84,-18.43
323.85,-18.22
323.85,-19.40
323.85,-17.79
323.85,-18.86
323.85,-18.00
323.85,-19.08
323.86,-17.14
323.86,-19.30
323.86,-17.79
323.86,-18.86
323.87,-18.97
323.87,-18.43
323.87,-17.57
323.87,-17.68
323.87,-18.22
323.87,-19.08
323.87,-19.19
323.87,-19.84
323.87,-19.08
323.87,-19.08
323.88,-19.19
323.88,-18.00
323.88,-18.43
323.88,-18.22
323.88,-16.71
323.88,-17.57
323.88,-18.54
323.88,-18.86
323.88,-18.65
323.88,-17.68
323.89,-18.43
323.89,-18.54
323.89,-18.76
323.89,-18.97
323.89,-18.11
323.89,-18.00
323.89,-18.00
323.89,-18.86
323.89,-18.97
323.89,-18.11
323.90,-18.11
323.91,-18.65
323.91,-18.11
323.91,-18.43
323.91,-16.49
323.91,-18.76
323.91,-18.43
323.91,-18.54
323.91,-18.54
323.91,-19.08
323.92,-18.22
323.92,-18.86
323.92,-17.68
323.92,-18.76
323.92,-18.65
323.92,-18.65
323.92,-19.19
323.92,-17.57
323.92,-18.00
323.92,-18.22
323.93,-18.54
323.93,-18.11
323.93,-16.82
323.93,-18.00
323.93,-18.65
323.93,-18.22
323.93,-18.65
323.93,-18.54
323.93,-18.65
323.93,-17.25
323.93,-17.46
323.94,-18.97
323.95,-18.65
323.95,-18.65
323.95,-18.54
323.95,-16.60
323.95,-18.54
323.95,-17.57
323.95,-18.65
323.95,-18.97
323.95,-16.92
323.96,-18.11
323.96,-16.28
323.96,-18.43
323.96,-18.97
323.96,-17.68
323.96,-17.46
323.96,-18.11
323.96,-18.54
323.96,-18.22
323.96,-19.19
323.97,-18.43
323.97,-18.11
323.97,-18.54
323.97,-18.97
323.97,-18.65
323.97,-17.46
323.97,-17.46
323.97,-18.65
323.97,-18.54
323.97,-19.19
323.99,-18.43
323.99,-18.65
323.99,-18.65
323.99,-18.22
323.99,-18.54
323.99,-18.65
323.99,-18.86
323.99,-17.25
323.99,-17.25
323.99,-18.54
324.00,-18.54
324.00,-18.65
324.00,-18.86
324.00,-17.14
324.00,-17.46
324.00,-17.79
324.00,-18.76
324.00,-18.54
324.00,-18.97
324.00,-18.86
324.01,-18.33
324.01,-18.86
324.01,-18.65
324.01,-16.71
324.01,-18.43
324.01,-19.08
324.01,-19.08
324.01,-18.11
324.01,-19.19
324.01,-16.92
324.02,-19.19
324.02,-18.86
324.02,-17.46
324.02,-17.46
324.02,-19.19
324.03,-18.65
324.03,-19.08
324.03,-18.65
324.03,-18.65
324.03,-17.46
324.03,-17.36
324.04,-19.19
324.04,-18.76
324.04,-18.43
324.04,-17.46
324.04,-18.22
324.04,-19.30
324.04,-18.65
324.04,-19.19
324.04,-17.57
324.04,-19.08
324.05,-18.76
324.05,-18.86
324.05,-18.54
324.05,-18.11
324.05,-18.65
324.05,-17.14
324.05,-18.11
324.05,-18.86
324.05,-18.97
324.05,-18.43
324.06,-18.76
324.06,-18.43
324.06,-16.92
324.06,-16.71
324.06,-18.86
324.07,-18.65
324.07,-18.76
324.07,-18.11
324.07,-18.43
324.07,-18.54
324.08,-18.86
324.08,-18.86
324.08,-18.65
324.08,-17.89
324.08,-18.54
324.08,-17.79
324.08,-19.19
324.08,-17.36
324.08,-18.54
324.08,-18.22
324.09,-18.86
324.09,-18.43
324.09,-19.08
324.09,-18.22
324.09,-18.00
324.09,-18.11
324.09,-18.00
324.09,-18.11
324.09,-18.54
324.09,-18.86
324.10,-18.43
324.10,-18.86
324.10,-18.65
324.10,-18.11
324.11,-18.22
324.11,-18.54
324.11,-19.30
324.11,-17.25
324.11,-17.79
324.11,-17.46
324.12,-18.54
324.12,-18.97
324.12,-18.43
324.12,-17.68
324.12,-18.43
324.12,-17.46
324.12,-18.11
324.12,-17.36
324.12,-18.22
324.12,-18.65
324.12,-18.65
324.13,-19.08
324.13,-18.97
324.13,-18.43
324.13,-18.43
324.13,-18.00
324.13,-17.89
324.13,-18.65
324.13,-19.62
324.13,-17.03
324.13,-18.86
324.14,-16.71
324.14,-19.08
324.14,-18.86
324.14,-17.57
324.14,-18.76
324.14,-17.79
324.14,-18.86
324.14,-18.22
324.15,-17.03
324.15,-17.25
324.16,-18.22
324.16,-18.54
324.16,-19.19
324.16,-18.86
324.16,-18.22
324.16,-19.08
324.16,-18.22
324.16,-19.19
324.16,-18.54
324.16,-18.76
324.17,-18.65
324.17,-18.43
324.17,-19.19
324.17,-17.79
324.17,-19.84
324.17,-18.54
324.17,-18.65
324.17,-18.43
324.17,-18.11
324.17,-18.76
324.18,-18.33
324.18,-20.05
324.18,-20.16
324.18,-17.89
324.18,-18.86
324.18,-18.54
324.18,-18.22
324.18,-17.79
324.18,-18.43
324.18,-19.08
324.20,-18.43
324.20,-18.86
324.20,-17.46
324.20,-17.36
324.20,-18.22
324.20,-18.54
324.20,-17.79
324.20,-17.57
324.20,-18.86
324.20,-18.86
324.21,-18.54
324.21,-18.97
324.21,-17.46
324.21,-17.46
324.21,-18.43
324.21,-16.28
324.21,-17.46
324.21,-18.43
324.21,-18.11
324.21,-17.03
324.21,-17.46
324.22,-18.86
324.22,-18.76
324.22,-19.62
324.22,-16.39
324.22,-18.33
324.22,-18.54
324.22,-19.08
324.23,-17.46
324.23,-18.43
324.23,-18.65
324.24,-18.86
324.24,-17.36
324.24,-18.65
324.24,-18.65
324.24,-18.65
324.24,-18.43
324.24,-18.97
324.24,-18.76
324.24,-18.65
324.24,-17.79
324.25,-19.19
324.25,-18.22
324.25,-18.86
324.25,-18.43
324.25,-18.86
324.25,-15.74
324.25,-18.43
324.25,-18.97
324.25,-17.57
324.25,-18.54
324.26,-18.43
324.26,-18.86
324.26,-18.86
324.26,-18.11
324.26,-15.52
324.26,-18.97
324.26,-18.65
324.26,-18.43
324.26,-18.86
324.26,-18.11
324.27,-18.76
324.28,-18.54
324.28,-19.08
324.28,-18.22
324.28,-17.36
324.28,-18.54
324.28,-18.65
324.28,-18.86
324.28,-18.65
324.28,-17.14
324.29,-18.65
324.29,-18.54
324.29,-18.86
324.29,-17.89
324.29,-17.79
324.29,-18.54
324.29,-19.30
324.29,-18.33
324.29,-19.08
324.29,-18.76
324.30,-18.65
324.30,-19.19
324.30,-17.25
324.30,-17.57
324.30,-18.22
324.30,-19.08
324.30,-18.86
324.30,-19.19
324.30,-18.65
324.30,-16.60
324.31,-18.76
324.31,-16.28
324.31,-18.00
324.32,-18.43
324.32,-19.08
324.32,-17.68
324.32,-18.97
324.32,-18.86
324.32,-17.57
324.32,-18.86
324.32,-19.08
324.33,-19.08
324.33,-18.43
324.33,-17.46
324.33,-16.82
324.33,-18.43
324.33,-18.86
324.33,-18.11
324.33,-18.97
324.33,-18.11
324.33,-17.46
324.34,-19.19
324.34,-18.43
324.34,-19.19
324.34,-18.33
324.34,-18.54
324.34,-18.86
324.34,-18.54
324.34,-18.76
324.34,-17.14
324.34,-18.65
324.36,-18.65
324.36,-17.57
324.36,-18.86
324.36,-18.22
324.36,-21.67
324.36,-18.65
324.36,-19.30
324.36,-18.00
324.36,-17.89
324.36,-18.43
324.37,-18.86
324.37,-17.46
324.37,-17.36
324.37,-18.65
324.37,-18.97
324.37,-19.19
324.37,-18.43
324.37,-18.65
324.37,-18.97
324.37,-18.65
324.38,-19.51
324.38,-18.97
324.38,-18.86
324.38,-17.36
324.38,-17.36
324.38,-16.92
324.38,-18.86
324.38,-18.76
324.38,-19.19
324.38,-18.86
324.39,-18.86
324.39,-18.43
324.39,-18.86
324.39,-18.54
324.39,-17.36
324.40,-17.79
324.40,-18.43
324.40,-18.76
324.40,-18.33
324.40,-18.43
324.40,-19.08
324.41,-18.76
324.41,-18.43
324.41,-19.08
324.41,-17.46
324.41,-18.43
324.41,-17.89
324.41,-18.54
324.41,-18.65
324.41,-18.86
324.41,-18.65
324.42,-17.79
324.42,-19.08
324.42,-18.43
324.42,-18.11
324.42,-19.94
324.42,-18.43
324.42,-18.86
324.42,-18.43
324.42,-18.11
324.42,-19.08
324.43,-18.43
324.43,-18.97
324.43,-18.65
324.43,-18.54
324.43,-18.76
324.43,-19.94
324.44,-18.86
324.44,-18.54
324.44,-17.79
324.44,-18.65
324.45,-17.79
324.45,-18.00
324.45,-18.65
324.45,-18.86
324.45,-17.79
324.45,-17.46
324.45,-19.19
324.45,-18.54
324.45,-18.97
324.45,-18.11
324.46,-18.54
324.46,-19.08
324.46,-19.30
324.46,-20.16
324.46,-17.79
324.46,-18.43
324.46,-18.65
324.46,-18.76
324.46,-18.86
324.46,-17.46
324.47,-18.11
324.47,-18.76
324.47,-18.65
324.47,-18.43
324.47,-19.19
324.48,-18.86
324.48,-18.22
324.48,-18.97
324.48,-18.65
324.48,-17.68
324.49,-18.22
324.49,-17.68
324.49,-18.86
324.49,-17.25
324.49,-18.65
324.49,-18.86
324.49,-18.86
324.49,-16.92
324.49,-19.08
324.49,-17.46
324.49,-18.22
324.50,-19.19
324.50,-18.76
324.50,-18.97
324.50,-16.92
324.50,-18.43
324.50,-18.65
324.50,-19.08
324.50,-19.08
324.50,-18.00
324.50,-16.06
324.51,-18.65
324.51,-18.22
324.51,-19.19
324.51,-19.08
324.51,-18.65
324.51,-18.86
324.51,-18.54
324.51,-18.43
324.51,-18.97
324.52,-20.27
324.53,-18.76
324.53,-17.79
324.53,-18.33
324.53,-19.19
324.53,-18.65
324.53,-18.54
324.53,-19.51
324.53,-19.62
324.53,-18.11
324.53,-18.43
324.54,-16.49
324.54,-18.76
324.54,-18.65
324.54,-17.68
324.54,-18.76
324.54,-18.76
324.54,-18.86
324.54,-17.57
324.54,-18.00
324.54,-18.43
324.55,-18.11
324.55,-18.76
324.55,-18.76
324.55,-18.97
324.55,-18.00
324.55,-16.39
324.55,-18.43
324.56,-18.86
324.56,-18.97
324.56,-18.86
324.57,-17.79
324.57,-18.54
324.57,-18.97
324.57,-19.08
324.57,-16.39
324.57,-18.43
324.57,-18.86
324.57,-17.14
324.57,-18.76
324.57,-18.11
324.58,-18.22
324.58,-18.65
324.58,-18.65
324.58,-17.25
324.58,-17.46
324.58,-18.97
324.58,-18.54
324.58,-18.65
324.58,-18.86
324.58,-18.54
324.58,-18.76
324.59,-17.14
324.59,-18.76
324.59,-18.65
324.59,-18.65
324.59,-18.33
324.59,-16.49
324.59,-17.46
324.59,-18.65
324.60,-18.97
324.60,-18.76
324.61,-19.08
324.61,-18.11
324.61,-19.19
324.61,-17.46
324.61,-19.19
324.61,-18.86
324.61,-19.08
324.61,-17.57
324.61,-18.00
324.61,-18.22
324.62,-18.43
324.62,-16.39
324.62,-18.43
324.62,-18.76
324.62,-18.65
324.62,-18.65
324.62,-18.86
324.62,-19.19
324.62,-18.54
324.62,-17.89
324.63,-17.03
324.63,-18.65
324.63,-18.65
324.63,-18.76
324.63,-19.19
324.63,-18.65
324.63,-18.65
324.63,-18.22
324.63,-18.43
324.63,-18.54
324.64,-17.68
324.64,-18.54
324.65,-18.22
324.65,-18.65
324.65,-18.43
324.65,-18.22
324.65,-18.43
324.65,-19.19
324.65,-18.86
324.65,-16.71
324.66,-19.30
324.66,-18.54
324.66,-17.57
324.66,-20.37
324.66,-19.19
324.66,-18.43
324.66,-18.00
324.66,-18.54
324.66,-18.22
324.66,-19.62
324.67,-19.19
324.67,-17.68
324.67,-18.22
324.67,-18.86
324.67,-18.43
324.67,-17.46
324.67,-18.43
324.67,-19.08
324.67,-19.08
324.67,-19.19
324.67,-17.89
324.68,-17.46
324.68,-17.46
324.68,-18.22
324.69,-17.79
324.69,-19.19
324.69,-19.08
324.69,-17.46
324.69,-18.43
324.69,-17.57
324.69,-18.54
324.70,-18.97
324.70,-18.54
324.70,-18.54
324.70,-18.43
324.70,-18.43
324.70,-18.86
324.70,-19.08
324.70,-18.86
324.70,-18.54
324.70,-17.79
324.71,-19.08
324.71,-18.65
324.71,-18.54
324.71,-16.92
324.71,-18.97
324.71,-19.19
324.71,-18.97
324.71,-19.19
324.71,-18.54
324.71,-16.82
324.72,-18.65
324.73,-18.54
324.73,-18.65
324.73,-18.54
324.73,-15.85
324.73,-18.97
324.73,-18.43
324.73,-18.65
324.73,-17.46
324.73,-18.22
324.74,-19.40
324.74,-17.68
324.74,-18.22
324.74,-17.25
324.74,-18.43
324.74,-19.08
324.74,-18.43
324.74,-18.97
324.74,-18.22
324.74,-16.39
324.75,-17.79
324.75,-17.89
324.75,-18.86
324.75,-18.86
324.75,-18.76
324.75,-19.19
324.75,-16.60
324.75,-18.11
324.75,-18.43
324.75,-18.65
324.76,-18.22
324.76,-18.97
324.76,-18.00
324.76,-18.97
324.76,-18.86
324.76,-18.65
324.77,-18.43
324.77,-18.11
324.77,-17.79
324.77,-18.22
324.77,-18.65
324.78,-18.43
324.78,-18.76
324.78,-17.89
324.78,-18.11
324.78,-18.97
324.78,-17.14
324.78,-17.68
324.78,-18.22
324.78,-18.22
324.78,-18.43
324.79,-18.54
324.79,-18.54
324.79,-19.40
324.79,-17.46
324.79,-18.43
324.79,-18.11
324.79,-18.00
324.79,-19.08
324.79,-17.46
324.79,-17.57
324.80,-17.89
324.80,-17.46
324.80,-18.65
324.80,-18.97
324.81,-19.08
324.81,-18.86
324.81,-19.08
324.81,-17.57
324.81,-19.19
324.81,-17.14
324.82,-18.65
324.82,-18.86
324.82,-18.65
324.82,-18.43
324.82,-17.36
324.82,-18.00
324.82,-18.22
324.82,-18.65
324.82,-19.08
324.82,-18.65
324.83,-18.97
324.83,-18.86
324.83,-19.19
324.83,-16.71
324.83,-17.89
324.83,-18.43
324.83,-18.65
324.83,-19.08
324.83,-18.86
324.83,-17.46
324.84,-19.19
324.84,-16.71
324.84,-17.79
324.84,-18.33
324.84,-19.08
324.85,-18.76
324.85,-18.86
324.85,-18.11
324.85,-18.54
324.85,-18.22
324.86,-18.97
324.86,-18.54
324.86,-18.00
324.86,-18.65
324.86,-18.86
324.86,-18.86
324.86,-18.76
324.86,-18.33
324.86,-18.86
324.86,-18.76
324.86,-19.08
324.87,-18.97
324.87,-17.79
324.87,-18.65
324.87,-18.65
324.87,-17.25
324.87,-18.43
324.87,-18.76
324.87,-18.43
324.87,-17.79
324.87,-18.65
324.88,-17.36
324.88,-16.82
324.88,-18.65
324.88,-18.86
324.88,-18.97
324.88,-18.86
324.88,-17.36
324.88,-18.54
324.88,-18.54
324.89,-18.33
324.90,-18.76
324.90,-18.54
324.90,-18.43
324.90,-18.43
324.90,-18.86
324.90,-17.46
324.90,-18.86
324.90,-18.76
324.90,-18.65
324.90,-18.22
324.91,-18.54
324.91,-18.97
324.91,-19.94
324.91,-17.68
324.91,-18.22
324.91,-18.65
324.91,-18.76
324.91,-18.43
324.91,-18.43
324.91,-18.22
324.92,-19.19
324.92,-18.86
324.92,-18.86
324.92,-18.54
324.92,-18.76
324.92,-19.40
324.92,-17.57
324.92,-17.25
324.93,-18.76
324.93,-19.19
324.94,-18.76
324.94,-18.43
324.94,-19.08
324.94,-17.79
324.94,-18.86
324.94,-18.86
324.94,-19.19
324.94,-18.97
324.94,-18.54
324.94,-18.76
324.95,-19.08
324.95,-18.76
324.95,-18.65
324.95,-17.46
324.95,-18.00
324.95,-17.46
324.95,-18.54
324.95,-18.86
324.95,-18.65
324.95,-19.19
324.95,-18.00
324.96,-18.97
324.96,-17.25
324.96,-19.19
324.96,-19.08
324.96,-18.22
324.96,-18.22
324.96,-18.43
324.96,-18.54
324.96,-18.43
324.96,-17.68
324.98,-18.65
324.98,-17.57
324.98,-16.71
324.98,-18.43
324.98,-18.97
324.98,-18.65
324.98,-17.36
324.98,-17.68
324.98,-18.65
324.98,-18.86
324.99,-18.65
324.99,-17.03
324.99,-18.11
324.99,-17.89
324.99,-18.22
324.99,-18.43
324.99,-18.65
324.99,-17.46
324.99,-17.46
324.99,-18.11
325.00,-18.54
325.00,-18.65
325.00,-17.57
325.00,-18.65
325.00,-18.86
325.00,-18.65
325.00,-18.43
325.00,-17.25
325.00,-17.57
325.00,-18.86
325.01,-18.43
325.01,-18.54
325.01,-17.89
325.02,-18.43
325.02,-18.00
325.02,-18.65
325.02,-19.30
325.02,-18.43
325.02,-18.43
325.02,-18.86
325.03,-18.33
325.03,-18.43
325.03,-18.00
325.03,-18.33
325.03,-19.08
325.03,-18.22
325.03,-18.43
325.03,-18.65
325.03,-19.08
325.03,-18.22
325.04,-18.97
325.04,-17.68
325.04,-18.43
325.04,-18.43
325.04,-18.54
325.04,-18.65
325.04,-18.11
325.04,-18.86
325.04,-19.19
325.04,-18.65
325.04,-19.84
325.06,-18.65
325.06,-18.33
325.06,-16.49
325.06,-18.43
325.06,-18.43
325.06,-18.97
325.06,-18.76
325.06,-18.22
325.06,-18.54
325.06,-17.68
325.07,-18.43
325.07,-17.57
325.07,-18.65
325.07,-19.19
325.07,-18.65
325.07,-18.54
325.07,-17.36
325.07,-17.57
325.07,-19.19
325.07,-18.33
325.08,-18.65
325.08,-17.46
325.08,-18.54
325.08,-17.46
325.08,-18.65
325.08,-19.08
325.08,-18.97
325.08,-18.43
325.08,-16.71
325.08,-18.43
325.09,-19.40
325.09,-18.97
325.10,-19.19
325.10,-18.97
325.10,-19.19
325.10,-17.03
325.10,-18.11
325.10,-18.65
325.10,-18.65
325.10,-18.43
325.11,-18.65
325.11,-17.89
325.11,-18.65
325.11,-19.08
325.11,-18.65
325.11,-18.97
325.11,-17.46
325.11,-19.19
325.11,-18.65
325.11,-18.11
325.12,-19.19
325.12,-17.03
325.12,-18.43
325.12,-18.65
325.12,-18.43
325.12,-18.54
325.12,-16.06
325.12,-18.11
325.12,-18.22
325.12,-18.65
325.13,-18.86
325.13,-18.86
325.13,-18.97
325.13,-18.65
325.13,-18.11
325.13,-19.40
325.13,-17.89
325.14,-18.43
325.14,-18.33
325.14,-18.00
325.14,-18.33
325.15,-18.22
325.15,-18.11
325.15,-18.65
325.15,-18.76
325.15,-16.82
325.15,-17.46
325.15,-18.22
325.15,-17.46
325.15,-18.86
325.15,-18.97
325.16,-18.65
325.16,-18.43
325.16,-17.25
325.16,-18.86
325.16,-18.11
325.16,-18.76
325.16,-18.86
325.16,-18.54
325.16,-18.76
325.16,-18.86
325.17,-18.97
325.17,-17.46
325.17,-16.39
325.17,-17.46
325.18,-18.54
325.18,-18.76
325.18,-19.08
325.18,-18.76
325.18,-18.11
325.18,-18.00
325.19,-17.14
325.19,-18.97
325.19,-16.82
325.19,-18.86
325.19,-18.65
325.19,-18.86
325.19,-18.76
325.19,-18.00
325.19,-18.54
325.19,-18.54
325.20,-18.54
325.20,-18.54
325.20,-19.08
325.20,-19.19
325.20,-18.86
325.20,-17.46
325.20,-17.46
325.20,-18.76
325.20,-18.00
325.20,-19.62
325.21,-18.86
325.21,-17.89
325.21,-19.08
325.21,-17.46
325.21,-18.00
325.21,-18.43
325.21,-18.86
325.21,-17.89
325.21,-18.00
325.22,-18.65
325.23,-18.33
325.23,-18.86
325.23,-18.54
325.23,-17.46
325.23,-16.92
325.23,-17.79
325.23,-18.76
325.23,-18.54
325.23,-18.76
325.23,-17.25
325.23,-17.36
325.24,-19.19
325.24,-18.97
325.24,-17.79
325.24,-18.65
325.24,-18.33
325.24,-18.65
325.24,-18.86
325.24,-17.79
325.24,-18.54
325.24,-18.97
325.25,-18.43
325.25,-19.08
325.25,-18.11
325.25,-18.97
325.25,-18.76
325.25,-19.19
325.25,-18.76
325.25,-18.43
325.25,-17.89
325.25,-18.22
325.27,-18.43
325.27,-18.65
325.27,-17.89
325.27,-19.19
325.27,-18.86
325.27,-18.54
325.27,-17.46
325.27,-17.14
325.27,-18.00
325.27,-18.11
325.28,-18.43
325.28,-18.86
325.28,-17.57
325.28,-16.82
325.28,-19.08
325.28,-18.65
325.28,-19.30
325.28,-18.22
325.28,-17.68
325.28,-17.36
325.29,-16.71
325.29,-17.79
325.29,-18.54
325.29,-18.86
325.29,-18.65
325.29,-17.36
325.29,-17.46
325.29,-18.22
325.30,-17.79
325.30,-18.22
325.31,-18.54
325.31,-18.86
325.31,-18.86
325.31,-18.97
325.31,-17.36
325.31,-18.22
325.31,-18.43
325.31,-19.19
325.31,-18.65
325.31,-18.97
325.32,-18.43
325.32,-18.97
325.32,-17.79
325.32,-18.43
325.32,-17.79
325.32,-18.43
325.32,-18.33
325.32,-18.54
325.32,-19.19
325.32,-17.89
325.32,-17.57
325.33,-19.08
325.33,-18.43
325.33,-18.65
325.33,-18.43
325.33,-17.46
325.33,-18.22
325.33,-18.43
325.33,-18.86
325.33,-18.43
325.33,-17.68
325.35,-18.11
325.35,-18.65
325.35,-18.86
325.35,-19.30
325.35,-18.43
325.35,-18.11
325.35,-17.89
325.35,-18.43
325.35,-17.79
325.35,-17.46
325.36,-18.76
325.36,-19.08
325.36,-18.76
325.36,-18.43
325.36,-18.43
325.36,-18.76
325.36,-18.22
325.36,-18.54
325.36,-18.76
325.36,-18.11
325.37,-18.86
325.37,-19.08
325.37,-17.03
325.37,-18.65
325.37,-18.86
325.37,-18.86
325.37,-18.54
325.37,-18.65
325.37,-18.86
325.37,-17.79
325.38,-18.97
325.38,-19.08
325.38,-19.19
325.39,-19.08
325.39,-18.00
325.39,-17.68
325.39,-18.22
325.39,-18.65
325.39,-19.08
325.39,-18.54
325.40,-18.76
325.40,-18.22
325.40,-17.79
325.40,-18.11
325.40,-18.86
325.40,-19.08
325.40,-17.79
325.40,-18.00
325.40,-18.65
325.40,-19.08
325.41,-19.19
325.41,-19.08
325.41,-18.33
325.41,-18.43
325.41,-17.79
325.41,-18.86
325.41,-19.08
325.41,-18.11
325.41,-18.54
325.41,-17.25
325.41,-18.43
325.42,-19.40
325.43,-19.30
325.43,-17.68
325.43,-17.46
325.43,-18.43
325.43,-18.97
325.43,-18.54
325.43,-19.19
325.43,-17.57
325.43,-18.00
325.44,-18.86
325.44,-18.65
325.44,-16.92
325.44,-18.54
325.44,-18.76
325.44,-19.51
325.44,-17.79
325.44,-18.43
325.44,-18.97
325.44,-20.81
325.45,-18.43
325.45,-19.19
325.45,-18.86
325.45,-17.46
325.45,-17.14
325.45,-18.11
325.45,-18.11
325.45,-18.22
325.45,-19.73
325.45,-18.43
325.46,-17.89
325.46,-18.65
325.46,-18.22
325.46,-18.54
325.46,-18.00
325.46,-18.22
325.47,-18.11
325.47,-18.97
325.47,-18.11
325.47,-17.36
325.48,-18.65
325.48,-19.19
325.48,-18.43
325.48,-17.57
325.48,-17.68
325.48,-18.54
325.48,-18.11
325.48,-18.54
325.48,-18.65
325.48,-17.36
325.49,-17.25
325.49,-17.46
325.49,-18.65
325.49,-18.97
325.49,-18.65
325.49,-18.65
325.49,-19.08
325.49,-17.46
325.49,-18.86
325.49,-18.65
325.50,-18.00
325.50,-17.46
325.50,-18.00
325.50,-18.11
325.50,-18.86
325.50,-18.86
325.50,-17.36
325.50,-16.71
325.51,-18.43
325.51,-18.65
325.51,-18.54
325.52,-18.00
325.52,-19.08
325.52,-18.76
325.52,-17.14
325.52,-19.19
325.52,-18.97
325.52,-18.43
325.52,-19.08
325.52,-18.97
325.52,-16.92
325.53,-18.97
325.53,-17.89
325.53,-18.86
325.53,-18.43
325.53,-17.89
325.53,-17.14
325.53,-19.19
325.53,-18.97
325.53,-18.22
325.53,-19.19
325.54,-18.11
325.54,-18.54
325.54,-18.54
325.54,-19.08
325.54,-19.51
325.55,-17.46
325.55,-18.22
325.55,-18.65
325.55,-18.65
325.55,-17.57
325.56,-18.76
325.56,-17.46
325.56,-18.86
325.56,-18.76
325.56,-18.54
325.56,-16.92
325.56,-17.79
325.56,-18.43
325.56,-18.97
325.56,-18.86
325.57,-17.79
325.57,-18.22
325.57,-18.86
325.57,-18.97
325.57,-18.97
325.57,-18.65
325.57,-17.68
325.57,-18.54
325.57,-18.54
325.57,-19.08
325.58,-18.65
325.58,-18.22
325.58,-18.65
325.58,-17.25
325.58,-18.97
325.58,-19.19
325.58,-18.86
325.58,-19.08
325.58,-18.43
325.58,-17.14
325.60,-18.43
325.60,-18.43
325.60,-18.65
325.60,-17.36
325.60,-16.92
325.60,-18.86
325.60,-18.86
325.60,-18.43
325.60,-19.08
325.60,-17.68
325.60,-18.54
325.61,-17.79
325.61,-19.19
325.61,-18.65
325.61,-18.65
325.61,-18.97
325.61,-18.11
325.61,-18.11
325.61,-19.30
325.61,-19.19
325.61,-18.43
325.62,-18.65
325.62,-18.65
325.62,-17.46
325.62,-18.43
325.62,-18.54
325.62,-18.86
325.62,-18.65
325.62,-19.08
325.62,-18.00
325.62,-18.86
325.64,-18.97
325.64,-19.19
325.64,-19.08
325.64,-18.43
325.64,-18.54
325.64,-18.22
325.64,-18.86
325.64,-18.65
325.64,-18.54
325.64,-16.71
325.65,-16.06
325.65,-16.92
325.65,-17.46
325.65,-19.30
325.65,-18.43
325.65,-18.00
325.65,-17.46
325.65,-17.89
325.65,-18.86
325.65,-18.97
325.66,-18.86
325.66,-17.14
325.66,-19.08
325.66,-18.76
325.66,-18.76
325.66,-18.76
325.66,-16.49
325.66,-18.65
325.66,-16.82
325.67,-18.86
325.68,-18.54
325.68,-18.43
325.68,-18.43
325.68,-17.03
325.68,-17.79
325.68,-18.97
325.68,-19.08
325.68,-18.65
325.68,-19.19
325.68,-18.65
325.69,-18.22
325.69,-18.76
325.69,-18.97
325.69,-18.86
325.69,-18.86
325.69,-18.43
325.69,-18.97
325.69,-18.97
325.69,-18.22
325.69,-17.36
325.69,-18.76
325.70,-17.89
325.70,-18.22
325.70,-18.54
325.70,-19.19
325.70,-18.86
325.70,-17.57
325.70,-16.92
325.70,-18.65
325.70,-19.08
325.70,-18.11
325.71,-19.08
325.71,-18.54
325.72,-17.89
325.72,-18.43
325.72,-18.86
325.72,-18.43
325.72,-18.86
325.72,-16.92
325.72,-16.92
325.72,-18.54
325.73,-18.97
325.73,-17.79
325.73,-19.08
325.73,-18.65
325.73,-16.92
325.73,-18.65
325.73,-18.97
325.73,-18.65
325.73,-18.86
325.73,-18.86
325.74,-18.22
325.74,-19.08
325.74,-18.97
325.74,-18.11
325.74,-19.19
325.74,-18.33
325.74,-17.68
325.74,-18.22
325.74,-18.43
325.74,-18.22
325.75,-18.86
325.75,-18.33
325.75,-18.86
325.75,-18.97
325.76,-18.76
325.76,-18.33
325.76,-17.25
325.76,-18.33
325.76,-18.54
325.76,-18.65
325.77,-18.97
325.77,-18.76
325.77,-18.54
325.77,-18.65
325.77,-17.46
325.77,-17.79
325.77,-18.43
325.77,-18.43
325.77,-16.49
325.77,-17.14
325.78,-18.11
325.78,-18.86
325.78,-18.76
325.78,-18.54
325.78,-19.30
325.78,-18.43
325.78,-18.11
325.78,-18.22
325.78,-19.08
325.78,-17.89
325.78,-18.54
325.79,-18.65
325.79,-18.65
325.80,-17.03
325.80,-18.00
325.80,-18.43
325.80,-18.65
325.80,-19.19
325.80,-18.54
325.80,-17.46
325.80,-18.22
325.81,-18.65
325.81,-18.43
325.81,-17.68
325.81,-18.76
325.81,-18.22
325.81,-18.22
325.81,-18.00
325.81,-17.57
325.81,-18.54
325.81,-19.40
325.82,-18.76
325.82,-18.86
325.82,-16.82
325.82,-18.43
325.82,-18.00
325.82,-18.54
325.82,-19.08
325.82,-19.08
325.82,-18.76
325.82,-18.43
325.83,-17.46
325.83,-17.14
325.83,-18.11
325.83,-18.97
325.83,-18.65
325.83,-18.65
325.83,-18.97
325.84,-18.22
325.84,-18.97
325.84,-17.46
325.85,-17.79
325.85,-19.19
325.85,-19.51
325.85,-18.65
325.85,-18.65
325.85,-18.22
325.85,-17.89
325.85,-18.43
325.85,-18.86
325.85,-17.46
325.86,-18.86
325.86,-18.43
325.86,-18.33
325.86,-18.54
325.86,-18.86
325.86,-18.65
325.86,-18.11
325.86,-18.22
325.86,-19.40
325.86,-18.86
325.87,-18.11
325.87,-18.00
325.87,-18.54
325.87,-18.65
325.87,-19.08
325.87,-17.25
325.87,-16.28
325.87,-18.22
325.88,-18.00
325.88,-19.19
325.88,-19.19
325.89,-18.65
325.89,-17.79
325.89,-17.03
325.89,-19.94
325.89,-18.86
325.89,-18.86
325.89,-17.89
325.89,-19.94
325.89,-19.08
325.89,-18.76
325.90,-18.76
325.90,-18.43
325.90,-18.65
325.90,-19.08
325.90,-17.46
325.90,-18.54
325.90,-18.54
325.90,-18.86
325.90,-18.86
325.90,-18.54
325.91,-18.54
325.91,-18.76
325.91,-17.46
325.91,-18.65
325.91,-18.97
325.91,-17.25
325.92,-18.86
325.92,-18.54
325.92,-18.86
325.92,-16.71
325.93,-18.43
325.93,-18.11
325.93,-18.43
325.93,-18.22
325.93,-18.54
325.93,-19.08
325.93,-17.79
325.93,-18.65
325.93,-18.65
325.93,-17.68
325.94,-19.19
325.94,-19.19
325.94,-19.08
325.94,-18.65
325.94,-18.33
325.94,-17.57
325.94,-18.97
325.94,-18.54
325.94,-19.08
325.94,-18.54
325.95,-18.43
325.95,-18.86
325.95,-18.00
325.95,-18.54
325.95,-19.19
325.95,-19.84
325.95,-18.43
325.95,-16.82
325.95,-17.36
325.95,-17.89
325.97,-18.97
325.97,-17.89
325.97,-18.65
325.97,-19.08
325.97,-18.54
325.97,-17.89
325.97,-19.08
325.97,-18.43
325.97,-18.97
325.97,-18.11
325.97,-17.89
325.98,-17.46
325.98,-17.89
325.98,-18.97
325.98,-18.11
325.98,-19.30
325.98,-16.71
325.98,-16.39
325.98,-18.33
325.98,-19.19
325.98,-17.46
325.99,-18.86
325.99,-17.36
325.99,-18.43
325.99,-18.11
325.99,-18.76
325.99,-19.08
325.99,-19.19
325.99,-17.14
326.00,-18.54
326.00,-18.11
326.00,-18.43
326.01,-18.22
326.01,-18.54
326.01,-17.79
326.01,-18.97
326.01,-19.08
326.01,-18.76
326.01,-18.86
326.01,-18.43
326.01,-18.43
326.02,-18.65
326.02,-18.65
326.02,-18.33
326.02,-18.65
326.02,-17.36
326.02,-18.22
326.02,-18.11
326.02,-19.08
326.02,-18.43
326.02,-19.19
326.03,-18.65
326.03,-18.86
326.03,-19.08
326.03,-16.92
326.03,-18.86
326.03,-18.65
326.03,-18.43
326.03,-18.65
326.03,-19.19
326.03,-18.54
326.05,-19.30
326.05,-18.65
326.05,-17.46
326.05,-18.97
326.05,-18.54
326.05,-18.86
326.05,-18.54
326.05,-18.54
326.05,-18.43
326.05,-17.46
326.06,-19.19
326.06,-17.46
326.06,-18.76
326.06,-18.43
326.06,-18.43
326.06,-18.86
326.06,-17.57
326.06,-18.65
326.06,-19.19
326.06,-19.19
326.06,-16.82
326.07,-18.65
326.07,-19.19
326.07,-18.86
326.07,-17.46
326.07,-19.19
326.07,-18.86
326.07,-18.54
326.07,-19.30
326.07,-18.54
326.07,-18.65
326.08,-18.00
326.08,-18.65
326.08,-17.79
326.09,-19.30
326.09,-18.65
326.09,-18.86
326.09,-18.54
326.09,-19.84
326.09,-18.65
326.09,-16.92
326.10,-19.19
326.10,-17.36
326.10,-18.76
326.10,-18.76
326.10,-18.22
326.10,-17.57
326.10,-18.65
326.10,-19.08
326.10,-17.79
326.10,-18.86
326.11,-18.54
326.11,-18.86
326.11,-17.36
326.11,-17.68
326.11,-18.54
326.11,-18.65
326.11,-18.54
326.11,-18.43
326.11,-19.19
326.11,-19.19
326.12,-18.86
326.12,-18.86
326.12,-17.36
326.12,-17.57
326.12,-19.08
326.13,-18.97
326.13,-18.86
326.13,-18.65
326.13,-18.22
326.13,-18.43
326.14,-18.97
326.14,-17.46
326.14,-16.28
326.14,-16.28
326.14,-17.89
326.14,-18.22
326.14,-18.65
326.14,-18.86
326.14,-18.86
326.14,-18.11
326.15,-18.65
326.15,-18.54
326.15,-19.19
326.15,-16.92
326.15,-18.65
326.15,-18.43
326.15,-18.76
326.15,-18.65
326.15,-18.00
326.15,-19.19
326.15,-18.65
326.16,-17.46
326.16,-19.08
326.17,-18.54
326.17,-19.19
326.17,-18.65
326.17,-16.82
326.17,-18.65
326.17,-18.97
326.17,-17.79
326.17,-17.36
326.18,-17.36
326.18,-17.46
326.18,-18.86
326.18,-18.65
326.18,-18.11
326.18,-18.00
326.18,-17.79
326.18,-19.40
326.18,-18.65
326.18,-18.76
326.19,-19.19
326.19,-17.79
326.19,-18.43
326.19,-18.97
326.19,-18.76
326.19,-18.54
326.19,-18.86
326.19,-18.43
326.19,-19.19
326.19,-17.89
326.20,-19.08
326.20,-18.65
326.20,-18.76
326.20,-19.08
326.20,-19.19
326.20,-18.00
326.20,-18.97
326.21,-19.08
326.21,-18.43
326.21,-19.30
326.22,-18.65
326.22,-18.86
326.22,-18.65
326.22,-18.22
326.22,-19.19
326.22,-18.65
326.22,-18.54
326.22,-18.86
326.22,-18.86
326.22,-19.08
326.23,-18.54
326.23,-18.76
326.23,-18.76
326.23,-17.36
326.23,-18.00
326.23,-18.54
326.23,-18.76
326.23,-18.54
326.23,-18.54
326.23,-17.57
326.24,-19.19
326.24,-17.46
326.24,-17.46
326.24,-18.22
326.24,-18.86
326.24,-17.36
326.25,-18.97
326.25,-18.22
326.25,-18.97
326.25,-18.54
326.25,-17.57
326.26,-19.62
326.26,-19.19
326.26,-18.54
326.26,-17.14
326.26,-19.08
326.26,-18.76
326.26,-18.22
326.26,-18.65
326.26,-18.86
326.26,-18.65
326.27,-18.33
326.27,-18.76
326.27,-17.36
326.27,-18.43
326.27,-18.86
326.27,-19.08
326.27,-19.30
326.27,-18.97
326.27,-19.08
326.27,-19.08
326.28,-18.65
326.28,-17.46
326.28,-18.54
326.28,-18.65
326.28,-18.65
326.28,-18.86
326.29,-17.57
326.29,-18.65
326.29,-18.86
326.29,-19.08
326.30,-18.97
326.30,-19.73
326.30,-16.92
326.30,-19.19
326.30,-18.54
326.30,-18.86
326.30,-18.65
326.30,-19.08
326.30,-18.43
326.30,-17.89
326.31,-18.65
326.31,-19.73
326.31,-16.71
326.31,-18.54
326.31,-18.43
326.31,-18.43
326.31,-18.54
326.31,-19.19
326.31,-18.43
326.31,-19.08
326.32,-18.43
326.32,-18.65
326.32,-18.00
326.32,-18.86
326.32,-17.89
326.32,-19.19
326.32,-16.82
326.32,-18.11
326.32,-18.86
326.32,-18.43
326.33,-18.22
326.34,-19.08
326.34,-17.79
326.34,-18.43
326.34,-17.46
326.34,-19.51
326.34,-18.65
326.34,-19.19
326.34,-18.86
326.34,-19.08
326.34,-17.89
326.35,-18.33
326.35,-18.86
326.35,-19.30
326.35,-18.11
326.35,-16.28
326.35,-18.43
326.35,-18.86
326.35,-19.08
326.35,-18.97
326.35,-17.79
326.36,-19.08
326.36,-18.11
326.36,-18.22
326.36,-19.19
326.36,-18.97
326.36,-18.65
326.36,-18.97
326.36,-15.74
326.36,-18.54
326.37,-18.76
326.37,-15.74
326.37,-18.43
326.38,-17.68
326.38,-18.65
326.38,-17.79
326.38,-17.46
326.38,-18.97
326.38,-19.73
326.38,-18.86
326.38,-19.19
326.39,-18.97
326.39,-17.89
326.39,-17.57
326.39,-17.46
326.39,-18.43
326.39,-18.86
326.39,-19.08
326.39,-19.19
326.39,-17.57
326.39,-18.54
326.40,-18.97
326.40,-16.39
326.40,-17.46
326.40,-18.43
326.40,-19.19
326.40,-18.65
326.40,-19.08
326.40,-18.00
326.40,-17.79
326.40,-19.08
326.42,-18.86
326.42,-18.54
326.42,-17.46
326.42,-18.76
326.42,-17.03
326.42,-17.89
326.42,-18.76
326.42,-18.86
326.42,-17.46
326.42,-18.43
326.43,-18.43
326.43,-18.97
326.43,-17.36
326.43,-18.43
326.43,-18.97
326.43,-18.76
326.43,-17.46
326.43,-17.25
326.43,-18.11
326.43,-18.65
326.43,-18.97
326.44,-18.65
326.44,-18.54
326.44,-18.65
326.44,-18.86
326.44,-17.79
326.44,-17.89
326.44,-18.54
326.44,-18.54
326.44,-17.46
326.44,-18.65
326.45,-18.65
326.45,-18.86
326.45,-18.43
326.45,-17.36
326.46,-18.54
326.46,-18.54
326.46,-18.54
326.46,-18.54
326.46,-16.71
326.46,-18.43
326.47,-18.76
326.47,-18.33
326.47,-17.89
326.47,-17.46
326.47,-17.68
326.47,-18.54
326.47,-19.08
326.47,-18.43
326.47,-18.43
326.47,-17.46
326.48,-19.19
326.48,-18.76
326.48,-17.46
326.48,-18.97
326.48,-19.73
326.48,-18.43
326.48,-17.46
326.48,-18.43
326.48,-18.65
326.48,-18.22
326.49,-19.19
326.49,-17.14
326.50,-18.65
326.50,-18.43
326.50,-18.54
326.50,-18.54
326.50,-19.08
326.50,-18.65
326.50,-18.43
326.50,-18.00
326.51,-18.54
326.51,-18.76
326.51,-19.08
326.51,-18.86
326.51,-18.86
326.51,-18.86
326.51,-16.49
326.51,-17.46
326.51,-18.76
326.51,-16.92
326.52,-18.76
326.52,-16.71
326.52,-18.22
326.52,-18.43
326.52,-19.08
326.52,-18.65
326.52,-18.76
326.52,-15.52
326.52,-19.51
326.52,-19.08
326.52,-18.22
326.53,-15.74
326.53,-18.11
326.53,-19.51
326.54,-19.08
326.54,-17.79
326.54,-19.08
326.54,-17.79
326.54,-18.65
326.54,-18.65
326.54,-18.43
326.55,-18.22
326.55,-17.46
326.55,-18.65
326.55,-19.08
326.55,-18.76
326.55,-18.00
326.55,-18.54
326.55,-19.08
326.55,-16.71
326.55,-18.76
326.56,-18.54
326.56,-18.00
326.56,-19.08
326.56,-18.00
326.56,-17.25
326.56,-19.19
326.56,-17.79
326.56,-18.11
326.56,-18.43
326.56,-17.36
326.57,-18.43
326.57,-18.43
326.57,-17.46
326.57,-19.19
326.57,-18.86
326.57,-17.14
326.57,-17.46
326.57,-18.54
326.58,-19.19
326.58,-17.79
326.59,-19.19
326.59,-18.76
326.59,-18.54
326.59,-19.19
326.59,-18.97
326.59,-18.43
326.59,-18.54
326.59,-16.49
326.59,-18.86
326.59,-18.43
326.60,-18.97
326.60,-18.65
326.60,-18.86
326.60,-19.08
326.60,-18.65
326.60,-18.43
326.60,-18.54
326.60,-18.97
326.60,-17.79
326.60,-18.11
326.61,-18.86
326.61,-19.08
326.61,-18.76
326.61,-19.08
326.61,-18.86
326.61,-18.54
326.62,-17.03
326.62,-18.86
326.62,-18.76
326.62,-18.65
326.62,-18.22
326.63,-18.22
326.63,-17.46
326.63,-18.76
326.63,-18.76
326.63,-19.19
326.63,-17.57
326.63,-18.76
326.63,-19.19
326.63,-18.76
326.63,-18.86
326.64,-17.36
326.64,-18.97
326.64,-19.19
326.64,-17.46
326.64,-18.54
326.64,-19.08
326.64,-18.86
326.64,-17.89
326.64,-18.97
326.64,-19.19
326.65,-18.86
326.65,-18.33
326.65,-18.86
326.65,-19.08
326.65,-16.71
326.65,-18.00
326.65,-19.19
326.65,-18.97
326.65,-18.11
326.65,-18.22
326.67,-17.79
326.67,-18.86
326.67,-18.86
326.67,-18.43
326.67,-18.76
326.67,-19.19
326.67,-18.65
326.67,-18.11
326.67,-19.08
326.67,-19.08
326.68,-18.86
326.68,-18.11
326.68,-19.08
326.68,-18.43
326.68,-16.92
326.68,-18.86
326.68,-19.08
326.68,-19.08
326.68,-18.97
326.68,-18.97
326.69,-18.86
326.69,-18.11
326.69,-19.30
326.69,-18.65
326.69,-19.08
326.69,-19.08
326.69,-18.54
326.69,-18.86
326.69,-18.43
326.69,-18.97
326.70,-18.11
326.71,-18.54
326.71,-16.39
326.71,-14.01
326.71,-17.68
326.71,-18.86
326.71,-19.19
326.71,-18.43
326.71,-18.65
326.71,-18.86
326.71,-18.76
326.72,-18.86
326.72,-18.54
326.72,-18.43
326.72,-18.43
326.72,-18.43
326.72,-16.92
326.72,-18.22
326.72,-18.22
326.72,-18.00
326.72,-18.22
326.73,-18.97
326.73,-18.76
326.73,-18.97
326.73,-18.43
326.73,-18.65
326.73,-18.86
326.73,-18.65
326.73,-18.43
326.73,-18.54
326.73,-18.65
326.75,-18.33
326.75,-19.19
326.75,-18.65
326.75,-17.14
326.75,-18.54
326.75,-18.43
326.75,-17.46
326.75,-17.46
326.75,-19.30
326.75,-18.86
326.76,-18.65
326.76,-18.65
326.76,-18.65
326.76,-18.43
326.76,-17.46
326.76,-18.86
326.76,-17.68
326.76,-18.43
326.76,-18.65
326.76,-17.68
326.77,-18.22
326.77,-18.76
326.77,-18.43
326.77,-18.43
326.77,-18.11
326.77,-18.22
326.77,-18.76
326.77,-17.79
326.77,-18.11
326.77,-16.06
326.78,-18.76
326.79,-17.57
326.79,-19.19
326.79,-19.19
326.79,-18.43
326.79,-18.54
326.79,-16.92
326.79,-18.22
326.79,-19.19
326.79,-18.76
326.80,-17.46
326.80,-17.68
326.80,-18.54
326.80,-18.65
326.80,-18.22
326.80,-17.36
326.80,-17.79
326.80,-18.65
326.80,-18.00
326.80,-16.92
326.80,-18.76
326.81,-19.08
326.81,-19.19
326.81,-18.54
326.81,-18.76
326.81,-18.65
326.81,-18.65
326.81,-18.33
326.81,-18.33
326.81,-18.65
326.81,-16.28
326.82,-18.65
326.82,-18.97
326.82,-18.54
326.82,-18.65
326.82,-18.22
326.83,-18.54
326.83,-18.54
326.83,-18.54
326.83,-17.57
326.83,-17.68
326.84,-18.22
326.84,-18.54
326.84,-16.92
326.84,-18.22
326.84,-18.65
326.84,-19.08
326.84,-17.79
326.84,-18.97
326.84,-18.43
326.84,-17.46
326.85,-18.00
326.85,-18.76
326.85,-18.33
326.85,-17.89
326.85,-18.97
326.85,-18.54
326.85,-17.79
326.85,-18.11
326.85,-17.46
326.85,-18.43
326.86,-18.76
326.86,-18.54
326.86,-18.86
326.87,-17.68
326.87,-17.46
326.87,-18.22
326.87,-17.46
326.87,-18.22
326.87,-18.86
326.87,-18.54
326.88,-19.08
326.88,-18.65
326.88,-18.65
326.88,-17.46
326.88,-18.97
326.88,-18.54
326.88,-18.65
326.88,-18.65
326.88,-18.00
326.88,-18.54
326.89,-18.65
326.89,-17.46
326.89,-17.36
326.89,-18.22
326.89,-18.76
326.89,-18.43
326.89,-19.19
326.89,-21.88
326.89,-18.22
326.89,-18.97
326.89,-19.08
326.90,-18.54
326.90,-18.65
326.90,-18.97
326.90,-18.11
326.90,-18.97
326.90,-17.57
326.90,-17.46
326.91,-18.54
326.91,-20.16
326.91,-18.65
326.92,-19.51
326.92,-18.11
326.92,-19.08
326.92,-19.19
326.92,-18.11
326.92,-19.08
326.92,-18.54
326.92,-17.68
326.92,-18.97
326.92,-18.43
326.93,-18.43
326.93,-17.57
326.93,-18.00
326.93,-18.65
326.93,-18.54
326.93,-18.43
326.93,-17.79
326.93,-17.57
326.93,-18.76
326.93,-18.76
326.94,-18.86
326.94,-18.65
326.94,-18.65
326.94,-19.08
326.94,-18.54
326.94,-18.33
326.94,-19.08
326.94,-18.86
326.94,-17.68
326.95,-18.22
326.96,-18.43
326.96,-17.57
326.96,-18.86
326.96,-18.43
326.96,-17.57
326.96,-18.65
326.96,-18.22
326.96,-18.76
326.96,-18.54
326.96,-18.65
326.97,-18.86
326.97,-18.86
326.97,-18.86
326.97,-18.54
326.97,-18.86
326.97,-18.54
326.97,-17.89
326.97,-18.43
326.97,-18.33
326.97,-17.57
326.98,-19.08
326.98,-18.54
326.98,-17.57
326.98,-18.11
326.98,-17.68
326.98,-18.86
326.98,-18.86
326.99,-18.65
326.99,-18.54
326.99,-16.92
326.99,-18.22
327.00,-18.43
327.00,-19.08
327.00,-17.46
327.00,-17.89
327.00,-17.14
327.00,-17.79
327.00,-17.79
327.00,-18.86
327.00,-19.19
327.00,-17.57
327.01,-18.11
327.01,-18.54
327.01,-18.54
327.01,-16.49
327.01,-18.11
327.01,-18.22
327.01,-18.11
327.01,-18.86
327.01,-18.76
327.01,-18.76
327.02,-19.62
327.02,-18.76
327.02,-18.22
327.02,-18.22
327.02,-18.22
327.02,-18.86
327.02,-18.11
327.02,-18.22
327.02,-18.22
327.02,-19.51
327.04,-18.11
327.04,-18.86
327.04,-18.54
327.04,-19.30
327.04,-17.46
327.04,-17.57
327.04,-18.54
327.04,-18.76
327.04,-18.11
327.04,-18.43
327.05,-18.54
327.05,-18.97
327.05,-18.86
327.05,-18.54
327.05,-17.36
327.05,-18.22
327.05,-18.86
327.05,-18.97
327.05,-19.08
327.05,-18.54
327.06,-18.00
327.06,-18.65
327.06,-18.54
327.06,-19.08
327.06,-19.62
327.06,-16.82
327.06,-17.46
327.06,-18.33
327.06,-18.86
327.06,-18.65
327.07,-17.68
327.07,-16.49
327.08,-18.43
327.08,-18.43
327.08,-17.46
327.08,-18.54
327.08,-18.54
327.08,-18.65
327.08,-18.11
327.08,-19.08
327.08,-18.97
327.09,-18.86
327.09,-17.46
327.09,-15.85
327.09,-17.79
327.09,-19.08
327.09,-18.22
327.09,-17.46
327.09,-19.30
327.09,-18.11
327.09,-18.43
327.10,-17.46
327.10,-17.57
327.10,-18.00
327.10,-18.76
327.10,-18.76
327.10,-18.76
327.10,-18.54
327.10,-17.79
327.10,-19.40
327.10,-18.86
327.12,-17.03
327.12,-17.57
327.12,-18.54
327.12,-19.19
327.12,-18.54
327.12,-18.86
327.12,-18.43
327.12,-18.86
327.12,-18.54
327.12,-18.86
327.13,-18.43
327.13,-18.22
327.13,-18.43
327.13,-18.33
327.13,-18.54
327.13,-18.65
327.13,-18.00
327.13,-18.54
327.13,-18.97
327.13,-18.65
327.14,-18.54
327.14,-17.79
327.14,-19.08
327.14,-18.86
327.14,-18.86
327.14,-19.51
327.14,-18.54
327.14,-17.46
327.14,-17.14
327.14,-19.40
327.15,-18.00
327.15,-18.54
327.15,-18.22
327.15,-18.97
327.15,-18.86
327.16,-17.68
327.16,-18.00
327.16,-18.86
327.16,-18.86
327.16,-17.14
327.17,-17.46
327.17,-18.00
327.17,-18.97
327.17,-18.97
327.17,-18.00
327.17,-18.86
327.17,-18.65
327.17,-18.97
327.17,-18.11
327.17,-18.97
327.17,-18.76
327.18,-18.00
327.18,-19.19
327.18,-18.65
327.18,-18.65
327.18,-18.43
327.18,-19.51
327.18,-17.14
327.18,-18.54
327.18,-18.00
327.18,-16.28
327.19,-17.36
327.19,-18.43
327.19,-18.43
327.19,-18.65
327.19,-18.54
327.20,-18.11
327.20,-17.46
327.20,-17.68
327.20,-18.65
327.20,-19.08
327.21,-17.68
327.21,-17.36
327.21,-18.65
327.21,-18.97
327.21,-18.76
327.21,-16.82
327.21,-18.54
327.21,-18.86
327.21,-19.62
327.21,-18.97
327.22,-19.19
327.22,-18.22
327.22,-18.22
327.22,-18.86
327.22,-18.76
327.22,-19.08
327.22,-19.08
327.22,-20.16
327.22,-18.33
327.22,-18.22
327.23,-16.92
327.23,-18.76
327.23,-17.79
327.23,-18.22
327.24,-17.57
327.24,-19.19
327.24,-18.54
327.24,-17.79
327.24,-18.65
327.24,-18.43
327.25,-18.65
327.25,-19.84
327.25,-18.43
327.25,-18.00
327.25,-17.14
327.25,-17.79
327.25,-18.54
327.25,-19.08
327.25,-18.65
327.25,-19.19
327.26,-15.63
327.26,-18.97
327.26,-18.86
327.26,-18.65
327.26,-18.86
327.26,-18.76
327.26,-18.22
327.26,-18.00
327.26,-18.43
327.26,-18.54
327.26,-18.11
327.27,-17.79
327.27,-18.65
327.27,-18.54
327.27,-18.65
327.27,-18.11
327.27,-18.86
327.27,-18.54
327.27,-18.22
327.28,-18.76
327.28,-18.43
327.29,-17.46
327.29,-18.65
327.29,-18.65
327.29,-18.43
327.29,-18.86
327.29,-18.65
327.29,-18.43
327.29,-18.43
327.29,-17.46
327.29,-18.43
327.30,-18.86
327.30,-18.54
327.30,-18.11
327.30,-17.89
327.30,-18.65
327.30,-18.54
327.30,-18.54
327.30,-18.65
327.30,-18.65
327.30,-18.33
327.31,-18.65
327.31,-18.54
327.31,-18.65
327.31,-18.86
327.31,-18.43
327.31,-18.54
327.31,-18.65
327.31,-18.22
327.31,-18.97
327.31,-17.46
327.33,-17.46
327.33,-18.97
327.33,-18.54
327.33,-18.54
327.33,-18.11
327.33,-18.00
327.33,-18.86
327.33,-18.76
327.33,-18.65
327.33,-17.46
327.34,-17.57
327.34,-17.36
327.34,-18.43
327.34,-18.65
327.34,-18.33
327.34,-18.43
327.34,-18.76
327.34,-16.60
327.34,-16.71
327.34,-18.43
327.35,-18.43
327.35,-19.40
327.35,-18.65
327.35,-18.65
327.35,-18.86
327.35,-18.43
327.35,-18.65
327.35,-18.54
327.36,-18.65
327.36,-20.16
327.36,-18.43
327.37,-16.92
327.37,-16.49
327.37,-17.46
327.37,-18.86
327.37,-18.97
327.37,-18.97
327.37,-19.08
327.37,-18.65
327.37,-17.03
327.37,-19.19
327.38,-18.86
327.38,-18.97
327.38,-18.54
327.38,-18.33
327.38,-17.79
327.38,-18.86
327.38,-19.40
327.38,-19.19
327.38,-18.11
327.38,-17.46
327.39,-18.54
327.39,-18.43
327.39,-19.08
327.39,-18.11
327.39,-17.36
327.39,-18.97
327.39,-18.65
327.39,-18.43
327.39,-19.30
327.39,-18.11
327.40,-17.89
327.41,-18.54
327.41,-18.11
327.41,-17.25
327.41,-18.22
327.41,-18.86
327.41,-18.54
327.41,-18.76
327.41,-17.36
327.41,-16.49
327.42,-18.22
327.42,-18.43
327.42,-18.65
327.42,-18.00
327.42,-17.57
327.42,-18.43
327.42,-18.97
327.42,-17.79
327.42,-18.22
327.42,-17.89
327.43,-18.65
327.43,-18.43
327.43,-18.43
327.43,-17.36
327.43,-18.86
327.43,-17.57
327.43,-19.08
327.43,-18.65
327.43,-18.65
327.43,-18.54
327.44,-18.76
327.44,-18.65
327.44,-18.76
327.45,-18.22
327.45,-18.97
327.45,-19.94
327.45,-17.46
327.45,-17.46
327.45,-18.22
327.45,-18.43
327.45,-18.22
327.46,-18.22
327.46,-18.76
327.46,-18.97
327.46,-18.65
327.46,-18.97
327.46,-17.79
327.46,-17.57
327.46,-18.43
327.46,-18.86
327.46,-19.08
327.47,-19.08
327.47,-17.46
327.47,-17.79
327.47,-17.68
327.47,-18.65
327.47,-18.54
327.47,-18.65
327.47,-19.19
327.47,-18.65
327.47,-16.92
327.49,-19.19
327.49,-18.11
327.49,-19.08
327.49,-18.43
327.49,-17.57
327.49,-17.79
327.49,-18.22
327.49,-18.43
327.49,-18.65
327.49,-19.08
327.50,-18.43
327.50,-17.46
327.50,-18.33
327.50,-18.97
327.50,-18.00
327.50,-19.19
327.50,-18.54
327.50,-17.68
327.50,-18.54
327.50,-18.86
327.51,-18.54
327.51,-18.86
327.51,-18.86
327.51,-18.43
327.51,-20.91
327.51,-18.86
327.51,-18.65
327.51,-18.54
327.51,-19.08
327.51,-18.43
327.52,-16.82
327.52,-18.43
327.52,-16.82
327.52,-17.46
327.52,-19.08
327.53,-18.43
327.53,-18.76
327.53,-18.86
327.53,-16.82
327.53,-18.76
327.54,-18.00
327.54,-18.43
327.54,-18.43
327.54,-18.54
327.54,-16.39
327.54,-17.46
327.54,-17.57
327.54,-18.65
327.54,-18.86
327.54,-18.86
327.54,-18.86
327.55,-18.65
327.55,-18.22
327.55,-18.86
327.55,-18.97
327.55,-18.86
327.55,-17.79
327.55,-17.79
327.55,-18.43
327.55,-18.86
327.55,-18.76
327.56,-18.65
327.56,-18.65
327.56,-16.60
327.56,-18.43
327.56,-18.97
327.56,-18.76
327.57,-18.22
327.57,-18.65
327.57,-17.57
327.57,-18.00
327.58,-18.76
327.58,-18.54
327.58,-19.19
327.58,-18.97
327.58,-19.08
327.58,-18.86
327.58,-18.22
327.58,-18.86
327.58,-18.86
327.58,-19.19
327.59,-18.97
327.59,-17.14
327.59,-18.76
327.59,-18.76
327.59,-18.54
327.59,-18.65
327.59,-18.54
327.59,-18.86
327.59,-19.19
327.59,-16.71
327.60,-18.97
327.60,-18.54
327.60,-15.74
327.60,-18.43
327.61,-18.86
327.61,-18.43
327.61,-16.71
327.61,-18.65
327.61,-18.86
327.61,-18.86
327.62,-16.49
327.62,-18.43
327.62,-18.54
327.62,-17.68
327.62,-17.89
327.62,-17.89
327.62,-18.11
327.62,-18.65
327.62,-18.43
327.62,-19.19
327.63,-19.08
327.63,-18.43
327.63,-17.03
327.63,-18.76
327.63,-18.97
327.63,-18.11
327.63,-18.00
327.63,-19.08
327.63,-18.86
327.63,-18.97
327.63,-17.46
327.64,-18.54
327.64,-18.00
327.64,-18.54
327.64,-19.08
327.64,-18.33
327.64,-18.11
327.64,-18.43
327.64,-17.79
327.65,-19.08
327.65,-18.76
327.66,-18.86
327.66,-19.08
327.66,-17.68
327.66,-19.08
327.66,-18.54
327.66,-18.76
327.66,-16.82
327.66,-18.65
327.66,-18.43
327.66,-18.65
327.67,-18.86
327.67,-17.46
327.67,-18.54
327.67,-18.65
327.67,-18.97
327.67,-18.00
327.67,-18.33
327.67,-19.08
327.67,-18.65
327.67,-18.76
327.68,-17.14
327.68,-17.46
327.68,-18.97
327.68,-18.76
327.68,-18.97
327.68,-18.33
327.68,-16.17
327.68,-18.86
327.68,-18.86
327.68,-18.76
327.70,-18.65
327.70,-18.54
327.70,-18.54
327.70,-19.30
327.70,-18.33
327.70,-19.19
327.70,-17.79
327.70,-19.62
327.70,-18.65
327.70,-18.97
327.71,-18.11
327.71,-18.65
327.71,-18.65
327.71,-18.43
327.71,-18.43
327.71,-16.71
327.71,-18.54
327.71,-18.97
327.71,-18.86
327.71,-18.86
327.72,-18.97
327.72,-18.22
327.72,-18.76
327.72,-18.54
327.72,-17.57
327.72,-18.65
327.72,-18.33
327.72,-18.86
327.72,-18.54
327.73,-18.43
327.73,-17.89
327.74,-16.92
327.74,-18.43
327.74,-19.08
327.74,-18.86
327.74,-19.62
327.74,-18.86
327.74,-19.19
327.74,-18.22
327.74,-18.97
327.74,-18.86
327.75,-18.86
327.75,-18.43
327.75,-18.43
327.75,-18.11
327.75,-17.25
327.75,-18.43
327.75,-18.43
327.75,-18.65
327.75,-18.11
327.75,-19.08
327.76,-19.08
327.76,-18.86
327.76,-18.54
327.76,-18.86
327.76,-18.86
327.76,-17.14
327.76,-18.00
327.76,-17.57
327.76,-18.54
327.76,-19.19
327.77,-18.00
327.77,-18.54
327.78,-18.86
327.78,-18.54
327.78,-18.11
327.78,-19.19
327.78,-18.54
327.78,-18.33
327.78,-18.65
327.78,-18.65
327.79,-18.54
327.79,-18.11
327.79,-18.76
327.79,-18.00
327.79,-19.08
327.79,-18.65
327.79,-18.65
327.79,-18.97
327.79,-18.43
327.79,-18.43
327.80,-17.89
327.80,-18.76
327.80,-18.97
327.80,-16.92
327.80,-18.86
327.80,-18.65
327.80,-18.86
327.80,-18.65
327.80,-18.43
327.80,-18.97
327.81,-17.36
327.81,-17.46
327.81,-18.43
327.81,-19.08
327.82,-18.86
327.82,-18.86
327.82,-17.14
327.82,-18.86
327.82,-18.11
327.82,-19.19
327.82,-18.76
327.83,-17.79
327.83,-18.65
327.83,-19.73
327.83,-19.19
327.83,-18.54
327.83,-18.43
327.83,-16.39
327.83,-18.00
327.83,-18.00
327.83,-18.86
327.84,-18.54
327.84,-18.54
327.84,-17.36
327.84,-17.68
327.84,-18.86
327.84,-18.76
327.84,-17.03
327.84,-19.19
327.84,-18.43
327.84,-18.76
327.85,-19.30
327.86,-18.86
327.86,-17.25
327.86,-18.97
327.86,-18.43
327.86,-18.86
327.86,-18.65
327.86,-17.46
327.86,-16.71
327.86,-18.86
327.87,-16.60
327.87,-17.68
327.87,-17.79
327.87,-18.43
327.87,-19.08
327.87,-19.19
327.87,-19.08
327.87,-18.43
327.87,-18.43
327.87,-18.54
327.88,-18.65
327.88,-18.54
327.88,-18.00
327.88,-18.00
327.88,-18.54
327.88,-18.11
327.88,-18.65
327.88,-18.22
327.88,-18.76
327.88,-18.11
327.89,-18.65
327.89,-18.97
327.89,-18.97
327.89,-17.46
327.89,-16.06
327.89,-17.46
327.90,-19.08
327.90,-18.86
327.90,-18.76
327.90,-18.43
327.91,-18.86
327.91,-19.08
327.91,-18.11
327.91,-18.86
327.91,-18.97
327.91,-18.00
327.91,-18.86
327.91,-18.22
327.91,-17.46
327.91,-17.46
327.91,-18.00
327.92,-18.86
327.92,-18.65
327.92,-17.68
327.92,-19.19
327.92,-18.65
327.92,-18.65
327.92,-18.76
327.92,-18.76
327.92,-18.97
327.92,-18.86
327.93,-16.92
327.93,-17.46
327.93,-18.54
327.93,-19.19
327.93,-19.08
327.93,-18.54
327.93,-19.08
327.94,-18.43
327.94,-17.46
327.94,-18.65
327.95,-16.82
327.95,-18.11
327.95,-17.36
327.95,-18.22
327.95,-19.19
327.95,-18.54
327.95,-18.65
327.95,-18.86
327.95,-18.86
327.95,-18.00
327.96,-18.86
327.96,-17.14
327.96,-19.19
327.96,-18.97
327.96,-18.22
327.96,-18.54
327.96,-18.43
327.96,-17.68
327.96,-19.51
327.96,-18.54
327.97,-17.79
327.97,-18.43
327.97,-18.43
327.97,-18.65
327.97,-17.25
327.98,-18.76
327.98,-19.30
327.98,-18.11
327.98,-18.11
327.98,-17.46
327.99,-18.76
327.99,-18.65
327.99,-18.76
327.99,-17.03
327.99,-17.46
327.99,-18.65
327.99,-18.65
327.99,-19.40
327.99,-17.46
327.99,-18.43
328.00,-18.86
328.00,-18.86
328.00,-17.46
328.00,-17.46
328.00,-18.33
328.00,-18.43
328.00,-18.65
328.00,-18.43
328.00,-19.51
328.00,-18.22
328.00,-18.65
328.01,-17.46
328.01,-18.43
328.01,-18.00
328.01,-17.46
328.01,-17.68
328.01,-18.65
328.01,-19.94
328.01,-18.65
328.01,-19.19
328.02,-18.86
328.03,-18.65
328.03,-18.86
328.03,-17.14
328.03,-16.92
328.03,-16.71
328.03,-19.08
328.03,-18.97
328.03,-17.89
328.03,-18.22
328.03,-17.14
328.04,-17.36
328.04,-19.19
328.04,-18.76
328.04,-18.86
328.04,-19.19
328.04,-18.86
328.04,-17.46
328.04,-16.92
328.04,-18.54
328.04,-18.65
328.05,-16.82
328.05,-18.43
328.05,-18.65
328.05,-18.86
328.05,-19.08
328.05,-18.43
328.05,-17.46
328.05,-18.22
328.06,-18.97
328.06,-17.46
328.07,-18.54
328.07,-18.43
328.07,-18.65
328.07,-18.54
328.07,-18.65
328.07,-18.00
328.07,-18.86
328.07,-18.54
328.07,-18.76
328.07,-18.54
328.08,-19.08
328.08,-18.86
328.08,-18.11
328.08,-17.46
328.08,-18.22
328.08,-18.54
328.08,-18.97
328.08,-19.84
328.08,-19.08
328.08,-16.39
328.09,-18.76
328.09,-18.54
328.09,-18.65
328.09,-17.68
328.09,-16.82
328.09,-17.46
328.09,-18.97
328.09,-19.19
328.09,-17.25
328.10,-16.39
328.10,-18.00
328.11,-18.22
328.11,-18.43
328.11,-18.65
328.11,-18.86
328.11,-19.08
328.11,-18.43
328.11,-18.76
328.11,-18.54
328.11,-18.97
328.11,-18.65
328.12,-18.22
328.12,-18.97
328.12,-18.76
328.12,-15.95
328.12,-18.22
328.12,-18.97
328.12,-19.08
328.12,-17.57
328.12,-18.65
328.12,-18.43
328.13,-18.97
328.13,-18.54
328.13,-19.40
328.13,-16.49
328.13,-18.65
328.13,-18.86
328.13,-19.08
328.13,-18.97
328.13,-18.97
328.13,-17.14
328.14,-18.97
328.14,-18.11
328.14,-18.43
328.15,-16.92
328.15,-17.03
328.15,-18.22
328.15,-18.43
328.15,-17.57
328.15,-19.08
328.15,-18.97
328.16,-18.97
328.16,-18.86
328.16,-18.65
328.16,-18.86
328.16,-18.86
328.16,-18.43
328.16,-18.65
328.16,-19.19
328.16,-18.22
328.16,-18.22
328.17,-18.86
328.17,-18.33
328.17,-17.14
328.17,-18.65
328.17,-18.65
328.17,-18.65
328.17,-20.16
328.17,-18.65
328.17,-18.00
328.17,-18.22
328.18,-19.19
328.18,-17.57
328.18,-16.71
328.18,-18.11
328.19,-18.86
328.19,-18.76
328.19,-19.08
328.19,-17.46
328.19,-18.43
328.19,-18.65
328.19,-18.86
328.20,-18.54
328.20,-18.65
328.20,-17.79
328.20,-16.82
328.20,-18.54
328.20,-18.54
328.20,-18.33
328.20,-19.19
328.20,-18.65
328.20,-18.00
328.21,-19.08
328.21,-18.86
328.21,-18.43
328.21,-18.43
328.21,-17.46
328.21,-18.54
328.21,-18.54
328.21,-19.84
328.21,-18.22
328.21,-17.14
328.22,-16.60
328.22,-18.86
328.23,-18.86
328.23,-18.76
328.23,-18.11
328.23,-18.65
328.23,-18.76
328.23,-18.22
328.23,-16.28
328.23,-19.19
328.24,-18.11
328.24,-18.65
328.24,-18.97
328.24,-17.46
328.24,-17.46
328.24,-18.43
328.24,-18.65
328.24,-18.65
328.24,-16.71
328.24,-17.79
328.25,-16.92
328.25,-18.76
328.25,-18.43
328.25,-18.11
328.25,-18.97
328.25,-18.43
328.25,-18.43
328.25,-16.92
328.25,-18.43
328.25,-18.76
328.26,-19.08
328.26,-18.43
328.26,-18.33
328.26,-19.19
328.26,-17.46
328.26,-18.43
328.26,-18.65
328.27,-17.89
328.27,-18.97
328.27,-19.08
328.28,-18.33
328.28,-17.46
328.28,-17.57
328.28,-18.22
328.28,-18.86
328.28,-17.46
328.28,-19.19
328.28,-18.76
328.28,-18.43
328.28,-16.28
328.28,-18.43
328.29,-18.54
328.29,-16.71
328.29,-18.11
328.29,-19.08
328.29,-18.43
328.29,-17.36
328.29,-18.22
328.29,-18.97
328.29,-17.25
328.29,-18.00
328.30,-17.79
328.30,-18.65
328.30,-18.65
328.30,-18.86
328.31,-18.43
328.31,-18.33
328.31,-18.97
328.31,-18.65
328.31,-18.54
328.31,-18.86
328.32,-18.43
328.32,-18.97
328.32,-18.86
328.32,-18.54
328.32,-18.43
328.32,-18.54
328.32,-16.60
328.32,-18.86
328.32,-18.65
328.32,-18.97
328.33,-18.86
328.33,-18.54
328.33,-18.65
328.33,-18.43
328.33,-18.11
328.33,-18.22
328.33,-18.65
328.33,-16.71
328.33,-18.43
328.33,-19.08
328.34,-17.57
328.34,-20.27
328.34,-18.97
328.34,-16.92
328.34,-18.43
328.34,-18.22
328.35,-18.97
328.35,-18.43
328.35,-18.86
328.35,-19.19
328.36,-19.51
328.36,-18.65
328.36,-18.43
328.36,-18.65
328.36,-18.54
328.36,-18.97
328.36,-16.28
328.36,-17.25
328.36,-19.08
328.36,-18.43
328.37,-19.19
328.37,-17.79
328.37,-18.97
328.37,-18.22
328.37,-18.65
328.37,-18.65
328.37,-18.76
328.37,-17.46
328.37,-18.54
328.37,-18.76
328.37,-18.86
328.38,-18.43
328.38,-16.60
328.38,-18.76
328.38,-18.86
328.38,-18.97
328.38,-18.54
328.38,-18.22
328.38,-18.11
328.38,-18.43
328.38,-19.62
328.40,-18.22
328.40,-18.22
328.40,-17.89
328.40,-18.43
328.40,-18.65
328.40,-18.43
328.40,-17.57
328.40,-18.43
328.40,-18.86
328.40,-17.79
328.41,-18.86
328.41,-15.95
328.41,-18.86
328.41,-18.76
328.41,-17.46
328.41,-17.68
328.41,-18.54
328.41,-17.46
328.41,-17.46
328.41,-18.86
328.42,-18.97
328.42,-18.76
328.42,-18.86
328.42,-18.54
328.42,-19.51
328.42,-17.46
328.42,-18.00
328.42,-18.43
328.43,-19.19
328.43,-18.65
328.43,-18.65
328.44,-18.43
328.44,-18.97
328.44,-18.86
328.44,-19.08
328.44,-17.46
328.44,-18.11
328.44,-18.76
328.44,-18.65
328.44,-16.71
328.45,-18.00
328.45,-18.22
328.45,-18.00
328.45,-18.65
328.45,-19.08
328.45,-18.65
328.45,-18.65
328.45,-18.11
328.45,-18.43
328.45,-18.97
328.46,-18.00
328.46,-18.86
328.46,-21.34
328.46,-18.86
328.46,-17.79
328.46,-19.40
328.46,-18.97
328.46,-19.08
328.46,-18.00
328.46,-18.54
328.46,-18.86
328.48,-18.76
328.48,-18.97
328.48,-18.43
328.48,-18.43
328.48,-18.22
328.48,-18.43
328.48,-18.43
328.48,-17.89
328.48,-18.33
328.48,-18.54
328.49,-18.54
328.49,-18.65
328.49,-16.92
328.49,-16.28
328.49,-17.79
328.49,-18.86
328.49,-18.86
328.49,-18.54
328.49,-17.57
328.49,-17.36
328.50,-18.65
328.50,-18.86
328.50,-18.65
328.50,-18.65
328.50,-18.76
328.50,-18.86
328.50,-18.43
328.50,-18.22
328.50,-17.57
328.50,-18.43
328.51,-18.43
328.51,-18.76
328.51,-18.86
328.52,-16.82
328.52,-18.65
328.52,-18.86
328.52,-19.08
328.52,-18.43
328.52,-18.22
328.52,-19.51
328.53,-19.19
328.53,-19.08
328.53,-17.68
328.53,-18.86
328.53,-18.54
328.53,-18.86
328.53,-17.46
328.53,-19.40
328.53,-18.86
328.53,-18.65
328.54,-17.57
328.54,-18.86
328.54,-18.86
328.54,-18.65
328.54,-16.49
328.54,-18.65
328.54,-16.71
328.54,-18.43
328.54,-20.16
328.54,-18.43
328.55,-18.65
328.55,-18.76
328.56,-18.65
328.56,-18.65
328.56,-16.82
328.56,-18.97
328.56,-18.22
328.56,-18.11
328.56,-17.46
328.56,-17.57
328.56,-18.86
328.57,-18.43
328.57,-19.08
328.57,-18.76
328.57,-17.46
328.57,-17.36
328.57,-17.79
328.57,-18.54
328.57,-19.40
328.57,-18.86
328.57,-18.54
328.58,-18.43
328.58,-18.65
328.58,-18.65
328.58,-17.36
328.58,-16.28
328.58,-18.22
328.58,-18.65
328.58,-18.97
328.58,-18.65
328.58,-17.46
328.59,-18.43
328.59,-18.65
328.60,-18.86
328.60,-18.65
328.60,-18.76
328.60,-18.43
328.60,-19.19
328.60,-18.11
328.60,-18.43
328.60,-17.03
328.61,-18.65
328.61,-18.65
328.61,-18.54
328.61,-18.65
328.61,-17.46
328.61,-18.76
328.61,-18.97
328.61,-19.19
328.61,-18.54
328.61,-18.86
328.62,-18.65
328.62,-18.11
328.62,-17.57
328.62,-17.46
328.62,-18.43
328.62,-19.94
328.62,-18.43
328.62,-18.86
328.62,-18.43
328.62,-19.08
328.63,-17.46
328.63,-18.65
328.63,-18.65
328.63,-18.43
328.63,-19.62
328.63,-18.11
328.63,-18.54
328.63,-17.79
328.64,-19.19
328.64,-17.79
328.65,-18.22
328.65,-18.43
328.65,-18.65
328.65,-17.46
328.65,-19.08
328.65,-18.43
328.65,-19.08
328.65,-19.19
328.65,-17.57
328.65,-18.11
328.65,-19.08
328.66,-18.65
328.66,-18.11
328.66,-18.11
328.66,-18.22
328.66,-18.76
328.66,-17.89
328.66,-18.65
328.66,-17.14
328.66,-18.33
328.66,-18.97
328.67,-18.54
328.67,-18.76
328.67,-17.46
328.67,-18.43
328.67,-18.86
328.68,-18.86
328.68,-18.54
328.68,-19.08
328.68,-17.36
328.68,-18.54
328.69,-17.03
328.69,-18.11
328.69,-18.76
328.69,-18.86
328.69,-18.33
328.69,-18.11
328.69,-17.46
328.69,-18.54
328.69,-18.76
328.69,-19.08
328.70,-18.86
328.70,-18.65
328.70,-17.46
328.70,-18.86
328.70,-18.76
328.70,-18.22
328.70,-18.43
328.70,-18.65
328.70,-18.86
328.70,-18.00
328.71,-17.57
328.71,-18.76
328.71,-19.08
328.71,-18.97
328.71,-18.76
328.71,-19.19
328.71,-18.65
328.71,-18.65
328.71,-18.86
328.71,-17.79
328.73,-18.11
328.73,-18.00
328.73,-18.65
328.73,-19.08
328.73,-18.86
328.73,-18.97
328.73,-18.33
328.73,-18.43
328.73,-18.54
328.73,-17.25
328.74,-17.79
328.74,-16.71
328.74,-18.86
328.74,-18.11
328.74,-17.68
328.74,-18.76
328.74,-17.46
328.74,-17.79
328.74,-17.89
328.74,-18.65
328.74,-18.65
328.75,-18.97
328.75,-18.43
328.75,-18.11
328.75,-18.11
328.75,-19.19
328.75,-18.65
328.75,-19.08
328.75,-18.43
328.75,-17.57
328.75,-17.57
328.77,-16.39
328.77,-17.79
328.77,-18.54
328.77,-19.19
328.77,-18.86
328.77,-18.65
328.77,-16.92
328.77,-18.22
328.77,-18.22
328.77,-18.65
328.78,-18.54
328.78,-18.86
328.78,-19.19
328.78,-18.65
328.78,-18.00
328.78,-17.46
328.78,-18.11
328.78,-18.65
328.78,-18.86
328.78,-18.54
328.79,-20.59
328.79,-18.65
328.79,-18.86
328.79,-18.54
328.79,-17.46
328.79,-18.43
328.79,-17.79
328.79,-19.08
328.79,-18.43
328.80,-18.86
328.81,-18.22
328.81,-17.46
328.81,-18.43
328.81,-19.19
328.81,-18.54
328.81,-18.43
328.81,-18.65
328.81,-18.43
328.81,-17.46
328.81,-18.00
328.82,-20.37
328.82,-17.14
328.82,-18.22
328.82,-18.43
328.82,-18.54
328.82,-19.19
328.82,-18.43
328.82,-18.97
328.82,-17.68
328.82,-18.43
328.83,-15.85
328.83,-17.46
328.83,-17.46
328.83,-18.11
328.83,-18.54
328.83,-17.68
328.83,-18.86
328.83,-18.00
328.83,-18.43
328.83,-18.22
328.83,-18.65
328.85,-17.46
328.85,-18.65
328.85,-18.86
328.85,-19.08
328.85,-19.08
328.85,-18.54
328.85,-17.89
328.85,-17.46
328.85,-18.54
328.85,-18.22
328.86,-18.65
328.86,-18.97
328.86,-17.89
328.86,-18.33
328.86,-19.19
328.86,-18.65
328.86,-17.57
328.86,-18.00
328.86,-16.82
328.86,59.94
328.87,5.17
328.87,4.85
328.87,4.74
328.87,-2.16
328.87,-5.28
328.87,-5.39
328.87,-5.39
328.87,-11.21
328.87,-10.67
328.87,-11.00
328.87,-11.64
328.88,-18.00
328.88,-18.65
328.88,-17.79
328.89,-18.97
328.89,-19.40
328.89,-19.19
328.89,-19.30
328.89,-19.19
328.89,-19.40
328.89,-19.62
328.90,-21.88
328.90,-21.13
328.90,-21.34
328.90,-20.70
328.90,-20.16
328.90,-21.13
328.90,-20.70
328.90,-20.16
328.90,-19.62
328.90,-19.19
328.91,-19.51
328.91,-19.19
328.91,-20.37
328.91,-20.81
328.91,-21.99
328.91,-20.70
328.91,-21.45
328.91,-19.51
328.91,-18.43
328.91,-20.48
328.92,-18.00
328.92,-20.59
328.93,-19.94
328.93,-19.51
328.93,-18.43
328.93,-20.16
328.93,-19.84
328.93,-20.48
328.93,-20.59
328.93,-20.91
328.94,-20.48
328.94,-20.37
328.94,-20.59
328.94,-18.11
328.94,-19.08
328.94,-20.81
328.94,-20.59
328.94,-21.24
328.94,-18.97
328.94,-18.97
328.94,-19.94
328.95,-19.51
328.95,-20.16
328.95,-18.97
328.95,-19.19
328.95,-20.70
328.95,-18.43
328.95,-19.73
328.95,-20.27
328.95,-20.81
328.95,-20.27
328.96,-18.33
328.96,-19.62
328.96,-19.84
328.96,-19.19
328.96,-18.65
328.96,-20.37
328.97,-18.54
328.97,-17.46
328.97,-19.94
328.97,-19.84
328.98,-20.16
328.98,-20.81
328.98,-19.51
328.98,-17.57
328.98,-19.08
328.98,-19.51
328.98,-19.73
328.98,-19.19
328.98,-18.76
328.98,-19.73
328.99,-19.19
328.99,-20.16
328.99,-20.27
328.99,-21.13
328.99,-19.40
328.99,-18.43
328.99,-19.08
328.99,-19.19
328.99,-20.37
328.99,-19.40
329.00,-20.16
329.00,-20.59
329.00,-19.62
329.00,-19.73
329.00,-20.59
329.00,-18.22
329.00,-20.16
329.00,-20.27
329.01,-20.48
329.01,-18.00
329.02,-19.51
329.02,-20.16
329.02,-19.84
329.02,-17.46
329.02,-19.84
329.02,-19.94
329.02,-19.84
329.02,-19.30
329.02,-20.27
329.02,-19.19
329.03,-17.14
329.03,-19.94
329.03,-19.73
329.03,-19.51
329.03,-19.19
329.03,-19.51
329.03,-18.11
329.03,-19.51
329.03,-19.84
329.03,-20.27
329.03,-19.40
329.04,-19.30
329.04,-17.46
329.04,-19.19
329.04,-19.51
329.04,-18.43
329.05,-19.40
329.05,-17.25
329.05,-19.30
329.05,-19.19
329.05,-19.40
329.06,-19.62
329.06,-18.97
329.06,-17.57
329.06,-19.19
329.06,-19.51
329.06,-18.43
329.06,-19.19
329.06,-19.51
329.06,-17.46
329.06,-19.62
329.07,-19.62
329.07,-18.43
329.07,-17.79
329.07,-19.19
329.07,-19.51
329.07,-19.08
329.07,-19.19
329.07,-19.51
329.07,-20.16
329.07,-19.19
329.08,-19.51
329.08,-19.62
329.08,-20.27
329.08,-19.40
329.08,-19.73
329.08,-19.08
329.08,-19.08
329.08,-19.84
329.08,-20.16
329.08,-19.08
329.10,-19.19
329.10,-19.73
329.10,-19.62
329.10,-19.84
329.10,-19.73
329.10,-19.84
329.10,-17.79
329.10,-19.73
329.10,-19.19
329.10,-19.40
329.11,-20.16
329.11,-19.94
329.11,-19.08
329.11,-19.30
329.11,-19.30
329.11,-18.86
329.11,-20.16
329.11,-19.51
329.11,-19.73
329.11,-19.08
329.12,-19.40
329.12,-19.84
329.12,-18.22
329.12,-19.40
329.12,-19.51
329.12,-18.97
329.12,-19.08
329.12,-19.19
329.12,-19.84
329.12,-19.08
329.12,-19.19
329.14,-19.51
329.14,-18.76
329.14,-19.40
329.14,-20.16
329.14,-17.79
329.14,-19.30
329.14,-19.73
329.14,-19.51
329.14,-17.89
329.14,-19.30
329.15,-19.84
329.15,-18.76
329.15,-19.94
329.15,-19.51
329.15,-18.97
329.15,-20.16
329.15,-19.51
329.15,-19.51
329.15,-19.62
329.15,-17.14
329.16,-19.08
329.16,-18.76
329.16,-19.40
329.16,-19.19
329.16,-19.94
329.16,-19.19
329.16,-19.73
329.16,-19.19
329.16,-16.39
329.17,-19.84
329.18,-19.30
329.18,-19.84
329.18,-19.40
329.18,-19.51
329.18,-19.30
329.18,-19.40
329.18,-19.19
329.18,-19.73
329.18,-19.30
329.18,-19.73
329.19,-19.51
329.19,-19.62
329.19,-19.40
329.19,-19.40
329.19,-18.11
329.19,-19.73
329.19,-19.62
329.19,-19.19
329.19,-19.19
329.19,-19.40
329.20,-19.30
329.20,-19.73
329.20,-19.19
329.20,-19.51
329.20,-17.46
329.20,-19.51
329.20,-19.62
329.20,-19.73
329.20,-19.51
329.20,-19.51
329.21,-19.73
329.21,-19.51
329.21,-19.51
329.22,-18.65
329.22,-19.62
329.22,-20.16
329.22,-19.19
329.22,-19.73
329.22,-18.65
329.22,-19.08
329.22,-19.08
329.23,-19.08
329.23,-17.68
329.23,-19.62
329.23,-19.19
329.23,-20.16
329.23,-19.30
329.23,-17.14
329.23,-18.22
329.23,-19.08
329.23,-19.40
329.24,-19.73
329.24,-19.94
329.24,-17.46
329.24,-19.19
329.24,-19.30
329.24,-20.16
329.24,-17.57
329.24,-19.30
329.24,-20.16
329.24,-19.62
329.25,-19.51
329.25,-19.84
329.25,-19.19
329.25,-19.51
329.26,-19.51
329.26,-19.94
329.26,-19.19
329.26,-18.00
329.26,-19.19
329.26,-19.84
329.27,-19.30
329.27,-19.94
329.27,-19.40
329.27,-19.19
329.27,-17.46
329.27,-19.30
329.27,-18.43
329.27,-20.37
329.27,-19.62
329.27,-19.51
329.28,-19.30
329.28,-18.22
329.28,-17.46
329.28,-19.51
329.28,-19.30
329.28,-19.51
329.28,-19.19
329.28,-18.65
329.28,-19.73
329.28,-19.51
329.29,-18.54
329.29,-18.22
329.30,-19.51
329.30,-19.40
329.30,-19.94
329.30,-19.19
329.30,-19.51
329.30,-20.27
329.30,-19.30
329.30,-17.46
329.31,-15.95
329.31,-18.65
329.31,-19.40
329.31,-19.40
329.31,-19.08
329.31,-19.73
329.31,-18.97
329.31,-16.71
329.31,-19.19
329.31,-20.16
329.31,-19.51
329.32,-19.40
329.32,-19.19
329.32,-19.19
329.32,-19.19
329.32,-19.30
329.32,-19.40
329.32,-19.84
329.32,-18.97
329.32,-19.19
329.32,-19.40
329.33,-19.19
329.33,-17.89
329.33,-18.00
329.33,-19.62
329.33,-19.30
329.33,-20.59
329.33,-19.73
329.34,-19.40
329.34,-18.65
329.34,-20.81
329.35,-18.65
329.35,-19.08
329.35,-19.94
329.35,-20.16
329.35,-17.25
329.35,-17.79
329.35,-19.51
329.35,-19.84
329.35,-19.73
329.35,-19.19
329.36,-19.40
329.36,-19.30
329.36,-18.86
329.36,-19.73
329.36,-19.40
329.36,-19.08
329.36,-19.73
329.36,-19.08
329.36,-18.65
329.36,-19.30
329.37,-19.40
329.37,-20.16
329.37,-17.89
329.37,-19.19
329.37,-19.08
329.37,-19.40
329.37,-19.62
329.37,-19.40
329.38,-18.00
329.38,-18.97
329.39,-19.19
329.39,-17.68
329.39,-18.22
329.39,-19.19
329.39,-19.51
329.39,-19.73
329.39,-19.73
329.39,-19.40
329.39,-18.86
329.39,-18.97
329.40,-19.51
329.40,-19.84
329.40,-19.84
329.40,-19.40
329.40,-19.73
329.40,-19.19
329.40,-19.19
329.40,-20.81
329.40,-19.51
329.40,-19.19
329.40,-19.19
329.41,-18.65
329.41,-18.76
329.41,-19.19
329.41,-19.84
329.41,-19.73
329.41,-19.40
329.42,-17.46
329.42,-19.19
329.42,-19.62
329.42,-20.27
329.43,-18.22
329.43,-19.51
329.43,-19.30
329.43,-19.62
329.43,-19.73
329.43,-18.86
329.43,-19.73
329.43,-18.97
329.43,-19.19
329.43,-19.40
329.44,-19.40
329.44,-19.51
329.44,-19.40
329.44,-19.08
329.44,-17.36
329.44,-19.62
329.44,-19.62
329.44,-18.97
329.44,-18.65
329.44,-19.40
329.45,-19.62
329.45,-19.19
329.45,-19.40
329.45,-18.86
329.45,-19.73
329.45,-19.19
329.45,-18.86
329.45,-17.36
329.45,-19.08
329.45,-19.51
329.47,-17.68
329.47,-19.19
329.47,-18.65
329.47,-20.27
329.47,-19.19
329.47,-18.54
329.47,-19.19
329.47,-19.62
329.47,-19.30
329.47,-19.73
329.48,-18.65
329.48,-19.51
329.48,-18.97
329.48,-19.84
329.48,-19.19
329.48,-19.62
329.48,-19.19
329.48,-18.76
329.48,-19.40
329.48,-19.84
329.49,-19.30
329.49,-19.84
329.49,-18.00
329.49,-19.19
329.49,-19.40
329.49,-19.73
329.49,-19.51
329.49,-19.51
329.49,-18.65
329.50,-17.46
329.50,-19.30
329.50,-19.40
329.51,-18.11
329.51,-19.30
329.51,-20.27
329.51,-19.08
329.51,-19.19
329.51,-19.51
329.51,-19.19
329.51,-19.51
329.51,-19.30
329.52,-19.30
329.52,-19.94
329.52,-19.19
329.52,-18.43
329.52,-17.25
329.52,-18.86
329.52,-19.84
329.52,-19.62
329.52,-19.19
329.52,-19.08
329.53,-18.97
329.53,-19.30
329.53,-18.65
329.53,-19.30
329.53,-19.08
329.53,-19.19
329.53,-19.73
329.53,-19.51
329.53,-19.19
329.53,-18.43
329.55,-20.05
329.55,-19.08
329.55,-19.19
329.55,-19.40
329.55,-19.40
329.55,-18.54
329.55,-17.46
329.55,-19.84
329.55,-18.97
329.55,-19.08
329.56,-19.40
329.56,-19.19
329.56,-19.62
329.56,-19.62
329.56,-17.46
329.56,-20.16
329.56,-19.51
329.56,-19.40
329.56,-17.68
329.56,-20.16
329.57,-21.02
329.57,-19.19
329.57,-19.19
329.57,-19.30
329.57,-19.62
329.57,-19.94
329.57,-19.94
329.57,-19.84
329.57,-18.76
329.57,-19.51
329.58,-18.43
329.58,-19.08
329.58,-19.51
329.58,-17.79
329.59,-19.30
329.59,-19.84
329.59,-19.19
329.59,-19.40
329.59,-18.22
329.59,-18.00
329.59,-17.46
329.60,-18.43
329.60,-19.30
329.60,-19.51
329.60,-19.19
329.60,-19.19
329.60,-19.73
329.60,-17.79
329.60,-17.68
329.60,-18.97
329.60,-19.19
329.61,-19.19
329.61,-19.30
329.61,-18.54
329.61,-18.97
329.61,-19.19
329.61,-18.76
329.61,-19.62
329.61,-19.40
329.61,-19.73
329.61,-17.46
329.62,-19.08
329.62,-17.46
329.62,-17.46
329.62,-19.08
329.62,-19.19
329.63,-19.94
329.63,-19.51
329.63,-19.19
329.63,-19.40
329.63,-19.19
329.64,-20.37
329.64,-20.27
329.64,-18.76
329.64,-20.16
329.64,-18.43
329.64,-17.36
329.64,-19.08
329.64,-19.51
329.64,-19.40
329.64,-19.30
329.65,-20.48
329.65,-19.19
329.65,-19.19
329.65,-19.19
329.65,-17.79
329.65,-18.00
329.65,-18.97
329.65,-19.30
329.65,-19.94
329.65,-18.65
329.66,-18.65
329.66,-19.30
329.66,-19.51
329.67,-19.30
329.67,-19.19
329.67,-19.08
329.67,-18.00
329.67,-19.19
329.67,-19.30
329.67,-19.08
329.68,-19.40
329.68,-19.40
329.68,-18.65
329.68,-19.30
329.68,-19.51
329.68,-16.49
329.68,-17.57
329.68,-19.40
329.68,-19.19
329.68,-19.19
329.68,-19.62
329.69,-19.30
329.69,-19.51
329.69,-19.40
329.69,-19.08
329.69,-17.79
329.69,-19.08
329.69,-18.86
329.69,-19.51
329.69,-19.62
329.69,-19.51
329.70,-17.57
329.70,-19.08
329.70,-19.73
329.70,-19.40
329.70,-19.51
329.70,-19.30
329.70,-19.30
329.71,-19.40
329.71,-18.86
329.71,-19.51
329.72,-19.73
329.72,-19.08
329.72,-19.40
329.72,-19.19
329.72,-17.89
329.72,-18.22
329.72,-18.97
329.72,-19.73
329.72,-19.51
329.72,-19.73
329.73,-19.19
329.73,-19.19
329.73,-17.68
329.73,-18.97
329.73,-19.30
329.73,-19.08
329.73,-19.19
329.73,-18.97
329.73,-19.08
329.73,-18.65
329.74,-17.79
329.74,-18.22
329.74,-18.22
329.74,-19.84
329.74,-19.51
329.74,-19.51
329.75,-20.16
329.75,-18.43
329.75,-19.51
329.75,-19.30
329.76,-18.86
329.76,-18.00
329.76,-19.08
329.76,-18.97
329.76,-18.97
329.76,-19.08
329.76,-18.65
329.76,-20.27
329.76,-18.43
329.76,-19.30
329.77,-19.30
329.77,-19.08
329.77,-19.51
329.77,-17.46
329.77,-18.11
329.77,-19.19
329.77,-19.30
329.77,-19.62
329.77,-18.97
329.77,-19.08
329.77,-19.84
329.78,-19.19
329.78,-18.00
329.78,-18.97
329.78,-19.62
329.78,-19.51
329.78,-19.40
329.79,-19.51
329.79,-17.57
329.79,-19.19
329.79,-18.43
329.80,-20.27
329.80,-19.19
329.80,-19.19
329.80,-19.40
329.80,-19.30
329.80,-19.30
329.80,-19.08
329.80,-19.73
329.80,-20.27
329.80,-19.19
329.81,-18.65
329.81,-20.48
329.81,-19.51
329.81,-19.19
329.81,-19.08
329.81,-19.40
329.81,-18.97
329.81,-19.30
329.81,-19.30
329.81,-19.94
329.82,-19.30
329.82,-19.19
329.82,-19.51
329.82,-19.73
329.82,-19.84
329.82,-19.84
329.82,-19.30
329.82,-19.51
329.82,-19.30
329.82,-19.40
329.83,-20.91
329.84,-19.19
329.84,-19.51
329.84,-19.62
329.84,-17.46
329.84,-19.30
329.84,-19.30
329.84,-20.59
329.84,-19.30
329.84,-19.30
329.85,-19.19
329.85,-20.16
329.85,-19.73
329.85,-19.30
329.85,-19.51
329.85,-18.43
329.85,-20.16
329.85,-19.40
329.85,-19.19
329.85,-19.08
329.86,-19.73
329.86,-18.97
329.86,-18.43
329.86,-19.62
329.86,-19.19
329.86,-20.16
329.86,-18.00
329.86,-20.37
329.86,-17.25
329.86,-18.65
329.87,-18.86
329.87,-19.94
329.88,-19.40
329.88,-19.51
329.88,-19.51
329.88,-18.11
329.88,-19.08
329.88,-19.73
329.88,-19.19
329.88,-19.51
329.88,-17.57
329.89,-19.40
329.89,-19.30
329.89,-19.62
329.89,-19.51
329.89,-19.08
329.89,-17.68
329.89,-18.76
329.89,-19.40
329.89,-18.97
329.89,-18.76
329.90,-19.94
329.90,-19.19
329.90,-19.08
329.90,-19.73
329.90,-18.86
329.90,-18.76
329.90,-18.65
329.90,-19.62
329.90,-19.51
329.90,-19.73
329.92,-19.30
329.92,-19.19
329.92,-19.51
329.92,-18.86
329.92,-19.84
329.92,-18.54
329.92,-18.65
329.92,-19.84
329.92,-19.51
329.92,-21.88
329.93,-19.19
329.93,-19.30
329.93,-19.40
329.93,-19.19
329.93,-19.62
329.93,-19.30
329.93,-17.36
329.93,-18.43
329.93,-18.97
329.93,-19.19
329.94,-19.62
329.94,-19.19
329.94,-20.59
329.94,-19.19
329.94,-19.51
329.94,-19.84
329.94,-19.19
329.94,-18.11
329.94,-19.19
329.94,-19.40
329.95,-18.76
329.95,-19.08
329.95,-19.40
329.95,-19.51
329.95,-19.73
329.96,-18.22
329.96,-17.79
329.96,-19.51
329.96,-19.94
329.96,-19.62
329.96,-20.27
329.97,-17.46
329.97,-19.40
329.97,-19.62
329.97,-18.33
329.97,-18.65
329.97,-18.97
329.97,-19.19
329.97,-19.40
329.97,-19.40
329.97,-19.19
329.98,-19.30
329.98,-18.33
329.98,-19.40
329.98,-20.27
329.98,-19.19
329.98,-20.16
329.98,-18.33
329.98,-19.40
329.98,-19.51
329.98,-19.30
329.99,-19.84
329.99,-19.51
330.00,-19.19
330.00,-19.08
330.00,-19.19
330.00,-19.19
330.00,-19.19
330.00,-20.27
330.00,-19.51
330.00,-18.86
330.01,-18.86
330.01,-19.30
330.01,-19.73
330.01,-19.40
330.01,-19.84
330.01,-19.08
330.01,-18.97
330.01,-19.94
330.01,-19.51
330.01,-19.84
330.02,-19.73
330.02,-19.94
330.02,-19.73
330.02,-19.19
330.02,-17.46
330.02,-19.19
330.02,-18.76
330.02,-19.40
330.02,-19.51
330.02,-19.08
330.03,-19.30
330.03,-19.30
330.03,-19.51
330.03,-20.59
330.04,-19.08
330.04,-19.51
330.04,-19.19
330.04,-19.62
330.04,-19.08
330.04,-19.30
330.05,-19.19
330.05,-19.40
330.05,-17.46
330.05,-19.51
330.05,-19.94
330.05,-19.08
330.05,-19.51
330.05,-19.94
330.05,-19.51
330.05,-19.08
330.05,-18.97
330.06,-19.62
330.06,-18.00
330.06,-19.94
330.06,-19.30
330.06,-19.30
330.06,-19.40
330.06,-19.19
330.06,-19.84
330.06,-20.27
330.06,-18.00
330.07,-19.40
330.07,-19.19
330.07,-19.84
330.07,-18.86
330.07,-19.19
330.07,-19.51
330.07,-20.70
330.07,-18.65
330.08,-19.19
330.08,-19.51
330.09,-19.19
330.09,-19.73
330.09,-19.73
330.09,-18.86
330.09,-19.19
330.09,-19.19
330.09,-19.19
330.09,-19.51
330.09,-18.43
330.09,-18.86
330.10,-19.19
330.10,-19.19
330.10,-17.46
330.10,-18.11
330.10,-19.84
330.10,-19.30
330.10,-20.16
330.10,-19.73
330.10,-19.30
330.10,-19.73
330.11,-18.00
330.11,-16.39
330.11,-19.40
330.11,-18.43
330.11,-19.19
330.11,-20.37
330.12,-18.33
330.12,-18.00
330.12,-17.03
330.12,-19.19
330.13,-19.19
330.13,-19.08
330.13,-19.84
330.13,-19.62
330.13,-17.46
330.13,-18.86
330.13,-19.51
330.13,-19.40
330.13,-18.65
330.13,-20.70
330.14,-19.40
330.14,-19.84
330.14,-18.43
330.14,-19.30
330.14,-18.86
330.14,-19.19
330.14,-18.97
330.14,-18.54
330.14,-19.19
330.14,-19.08
330.14,-19.40
330.15,-19.08
330.15,-19.40
330.15,-17.57
330.15,-21.45
330.15,-19.73
330.15,-19.51
330.15,-19.08
330.15,-18.11
330.15,-17.57
330.15,-17.46
330.17,-18.22
330.17,-19.40
330.17,-19.19
330.17,-19.08
330.17,-19.19
330.17,-19.40
330.17,-18.86
330.17,-20.91
330.17,-19.19
330.17,-19.94
330.18,-19.51
330.18,-19.30
330.18,-19.40
330.18,-19.30
330.18,-17.46
330.18,-17.46
330.18,-19.30
330.18,-19.40
330.18,-19.30
330.18,-19.73
330.19,-19.08
330.19,-19.30
330.19,-19.40
330.19,-19.08
330.19,-19.08
330.19,-19.40
330.19,-19.30
330.19,-19.08
330.19,-18.11
330.19,-19.19
330.20,-19.19
330.21,-19.73
330.21,-19.30
330.21,-19.30
330.21,-19.08
330.21,-19.30
330.21,-19.94
330.21,-18.22
330.21,-18.43
330.21,-19.08
330.22,-18.97
330.22,-19.51
330.22,-19.19
330.22,-19.62
330.22,-19.62
330.22,-19.30
330.22,-19.19
330.22,-19.51
330.22,-19.40
330.22,-17.03
330.23,-19.40
330.23,-19.73
330.23,-19.40
330.23,-19.73
330.23,-19.51
330.23,-18.22
330.23,-19.51
330.23,-19.62
330.23,-19.51
330.23,-19.30
330.24,-19.73
330.25,-20.05
330.25,-19.19
330.25,-19.30
330.25,-18.65
330.25,-18.76
330.25,-19.19
330.25,-19.19
330.25,-19.51
330.25,-19.30
330.25,-19.19
330.26,-19.40
330.26,-18.76
330.26,-19.73
330.26,-19.30
330.26,-19.84
330.26,-19.62
330.26,-19.19
330.26,-19.19
330.26,-19.19
330.26,-19.62
330.27,-19.30
330.27,-19.19
330.27,-19.40
330.27,-19.51
330.27,-19.30
330.27,-19.19
330.27,-16.39
330.27,-19.08
330.27,-19.73
330.27,-19.40
330.28,-19.51
330.29,-19.73
330.29,-19.51
330.29,-18.65
330.29,-19.08
330.29,-18.86
330.29,-18.86
330.29,-19.51
330.29,-19.51
330.29,-20.27
330.30,-19.73
330.30,-19.73
330.30,-19.84
330.30,-20.05
330.30,-19.84
330.30,-19.40
330.30,-19.73
330.30,-19.73
330.30,-19.08
330.30,-19.40
330.31,-19.40
330.31,-19.51
330.31,-19.08
330.31,-19.19
330.31,-19.30
330.31,-19.51
330.31,-19.19
330.31,-20.27
330.31,-15.09
330.31,-17.57
330.32,-18.43
330.32,-18.65
330.32,-19.62
330.32,-18.97
330.32,-19.62
330.32,-18.97
330.33,-18.97
330.33,-19.40
330.33,-21.56
330.33,-18.86
330.33,-19.94
330.34,-19.62
330.34,-19.19
330.34,-19.51
330.34,-19.40
330.34,-19.30
330.34,-19.19
330.34,-19.30
330.34,-19.84
330.34,-19.40
330.34,-19.73
330.35,-19.19
330.35,-18.86
330.35,-19.51
330.35,-19.51
330.35,-19.73
330.35,-19.51
330.35,-19.73
330.35,-18.65
330.35,-19.19
330.35,-19.94
330.36,-19.84
330.36,-17.68
330.36,-20.27
330.37,-19.62
330.37,-19.51
330.37,-17.68
330.37,-20.48
330.37,-19.40
330.37,-19.19
330.37,-19.40
330.38,-19.30
330.38,-19.19
330.38,-19.40
330.38,-18.65
330.38,-18.22
330.38,-18.97
330.38,-19.73
330.38,-19.94
330.38,-18.43
330.38,-19.30
330.39,-19.73
330.39,-19.19
330.39,-20.16
330.39,-19.40
330.39,-19.19
330.39,-19.51
330.39,-19.62
330.39,-18.00
330.39,-19.19
330.39,-19.40
330.40,-19.08
330.40,-19.62
330.40,-19.73
330.40,-19.19
330.40,-19.19
330.40,-19.51
330.40,-19.08
330.40,-19.40
330.41,-19.30
330.41,-19.08
330.42,-18.65
330.42,-19.30
330.42,-19.73
330.42,-19.73
330.42,-17.79
330.42,-19.19
330.42,-19.08
330.42,-20.91
330.42,-18.76
330.42,-19.51
330.42,-19.73
330.43,-21.02
330.43,-18.97
330.43,-19.19
330.43,-19.51
330.43,-19.51
330.43,-19.08
330.43,-19.08
330.43,-18.43
330.43,-19.08
330.43,-19.40
330.44,-19.84
330.44,-20.37
330.44,-19.73
330.44,-18.97
330.44,-19.08
330.44,-19.51
330.44,-19.30
330.44,-19.51
330.44,-17.46
330.45,-18.86
330.46,-19.30
330.46,-17.68
330.46,-19.40
330.46,-20.27
330.46,-19.40
330.46,-19.73
330.46,-18.86
330.46,-19.08
330.46,-19.84
330.46,-19.19
330.47,-18.11
330.47,-17.36
330.47,-18.86
330.47,-19.19
330.47,-19.40
330.47,-19.51
330.47,-17.57
330.47,-19.40
330.47,-18.43
330.47,-18.86
330.48,-19.40
330.48,-20.05
330.48,-17.46
330.48,-19.30
330.48,-19.30
330.48,-19.40
330.48,-20.16
330.49,-19.40
330.49,-19.08
330.49,-19.40
330.50,-19.30
330.50,-19.51
330.50,-16.28
330.50,-19.40
330.50,-20.16
330.50,-18.97
330.50,-20.37
330.50,-18.65
330.50,-19.08
330.50,-18.86
330.51,-19.40
330.51,-19.19
330.51,-19.08
330.51,-19.40
330.51,-19.30
330.51,-20.37
330.51,-19.19
330.51,-18.11
330.51,-18.54
330.51,-18.97
330.51,-19.19
330.52,-19.19
330.52,-20.27
330.52,-19.51
330.52,-19.51
330.52,-18.86
330.52,-19.19
330.52,-19.40
330.52,-19.40
330.52,-18.43
330.52,-17.46
330.54,-19.84
330.54,-19.30
330.54,-18.97
330.54,-18.86
330.54,-18.76
330.54,-19.19
330.54,-19.40
330.54,-19.40
330.54,-19.51
330.54,-19.30
330.55,-19.30
330.55,-20.05
330.55,-19.94
330.55,-19.51
330.55,-17.46
330.55,-19.08
330.55,-19.51
330.55,-19.19
330.55,-19.51
330.55,-19.08
330.56,-19.84
330.56,-19.30
330.56,-20.27
330.56,-18.22
330.56,-19.19
330.56,-18.76
330.56,-17.36
330.56,-17.57
330.56,-19.62
330.56,-19.62
330.57,-18.65
330.57,-16.82
330.58,-19.40
330.58,-19.94
330.58,-19.08
330.58,-17.79
330.58,-18.86
330.58,-19.19
330.58,-20.16
330.58,-19.51
330.59,-17.89
330.59,-19.30
330.59,-19.30
330.59,-19.94
330.59,-18.97
330.59,-19.62
330.59,-20.16
330.59,-19.40
330.59,-19.30
330.59,-19.19
330.60,-17.46
330.60,-19.51
330.60,-19.19
330.60,-19.19
330.60,-19.19
330.60,-19.19
330.60,-19.94
330.60,-18.86
330.60,-19.08
330.60,-19.19
330.60,-19.51
330.62,-18.22
330.62,-19.08
330.62,-20.16
330.62,-19.19
330.62,-19.84
330.62,-19.19
330.62,-19.19
330.62,-19.40
330.62,-19.40
330.62,-19.30
330.63,-19.19
330.63,-19.51
330.63,-17.57
330.63,-18.11
330.63,-18.54
330.63,-19.62
330.63,-19.73
330.63,-19.40
330.63,-17.89
330.63,-19.73
330.64,-19.40
330.64,-19.73
330.64,-19.19
330.64,-17.46
330.64,-18.54
330.64,-19.08
330.64,-19.84
330.64,-19.30
330.64,-19.62
330.64,-19.30
330.65,-19.08
330.65,-18.97
330.65,-19.84
330.65,-19.73
330.65,-18.22
330.66,-19.51
330.66,-19.51
330.66,-19.19
330.66,-18.86
330.66,-19.51
330.67,-18.97
330.67,-19.40
330.67,-18.97
330.67,-19.40
330.67,-19.62
330.67,-19.73
330.67,-19.30
330.67,-18.43
330.67,-19.51
330.67,-19.19
330.68,-18.76
330.68,-17.46
330.68,-19.19
330.68,-18.86
330.68,-18.43
330.68,-19.40
330.68,-19.51
330.68,-18.65
330.68,-19.30
330.68,-19.30
330.69,-18.86
330.69,-19.30
330.69,-19.08
330.69,-19.62
330.69,-19.40
330.69,-19.84
330.70,-19.73
330.70,-19.51
330.70,-19.19
330.70,-18.65
330.70,-18.76
330.71,-18.11
330.71,-19.40
330.71,-19.30
330.71,-19.51
330.71,-20.48
330.71,-19.84
330.71,-17.25
330.71,-18.97
330.71,-19.94
330.71,-19.73
330.72,-18.65
330.72,-20.27
330.72,-19.62
330.72,-19.30
330.72,-19.30
330.72,-19.51
330.72,-19.19
330.72,-17.36
330.72,-18.97
330.72,-19.08
330.73,-18.76
330.73,-18.54
330.73,-18.86
330.73,-19.51
330.74,-19.62
330.74,-19.30
330.74,-18.65
330.74,-19.19
330.74,-19.19
330.74,-18.43
330.75,-19.51
330.75,-19.62
330.75,-19.40
330.75,-19.19
330.75,-19.19
330.75,-19.08
330.75,-18.54
330.75,-20.81
330.75,-20.16
330.75,-19.19
330.76,-19.08
330.76,-19.30
330.76,-19.94
330.76,-19.62
330.76,-19.40
330.76,-19.08
330.76,-20.16
330.76,-18.65
330.76,-18.65
330.76,-19.51
330.77,-19.62
330.77,-19.19
330.77,-19.40
330.77,-19.30
330.77,-19.08
330.77,-19.73
330.77,-19.62
330.77,-19.40
330.77,-19.30
330.78,-18.22
330.79,-18.97
330.79,-19.73
330.79,-19.62
330.79,-17.46
330.79,-18.22
330.79,-18.86
330.79,-18.97
330.79,-19.19
330.79,-19.30
330.79,-19.62
330.79,-18.54
330.80,-18.22
330.80,-19.19
330.80,-18.00
330.80,-19.19
330.80,-19.19
330.80,-19.40
330.80,-19.08
330.80,-19.40
330.80,-19.51
330.80,-18.54
330.81,-18.97
330.81,-19.84
330.81,-19.19
330.81,-19.19
330.81,-19.30
330.81,-18.43
330.81,-19.40
330.81,-19.08
330.81,-20.16
330.82,-19.19
330.83,-18.86
330.83,-18.00
330.83,-20.16
330.83,-19.40
330.83,-19.73
330.83,-19.40
330.83,-17.68
330.83,-19.08
330.83,-19.19
330.83,-19.40
330.84,-19.51
330.84,-19.51
330.84,-19.30
330.84,-18.54
330.84,-18.54
330.84,-19.51
330.84,-19.19
330.84,-19.51
330.84,-18.76
330.84,-19.08
330.85,-19.62
330.85,-19.73
330.85,-19.40
330.85,-19.94
330.85,-19.51
330.85,-18.86
330.85,-18.65
330.85,-19.08
330.86,-19.19
330.86,-19.62
330.87,-19.62
330.87,-19.19
330.87,-19.73
330.87,-19.73
330.87,-19.40
330.87,-18.22
330.87,-17.25
330.87,-19.19
330.87,-19.08
330.87,-19.84
330.88,-19.51
330.88,-17.46
330.88,-18.76
330.88,-19.51
330.88,-19.40
330.88,-20.27
330.88,-19.19
330.88,-19.51
330.88,-19.62
330.88,-19.19
330.88,-18.11
330.89,-19.62
330.89,-19.62
330.89,-19.73
330.89,-19.62
330.89,-19.62
330.89,-18.86
330.89,-19.19
330.89,-19.84
330.89,-19.30
330.89,-19.30
330.90,-19.51
330.91,-19.51
330.91,-18.65
330.91,-17.79
330.91,-18.43
330.91,-19.40
330.91,-19.30
330.91,-18.22
330.91,-19.30
330.91,-19.84
330.92,-19.19
330.92,-19.62
330.92,-19.40
330.92,-19.19
330.92,-19.51
330.92,-17.25
330.92,-18.65
330.92,-19.08
330.92,-19.19
330.92,-19.73
330.93,-19.51
330.93,-19.51
330.93,-17.57
330.93,-18.97
330.93,-19.19
330.93,-19.30
330.93,-20.16
330.93,-19.30
330.93,-19.30
330.93,-17.46
330.94,-19.40
330.94,-19.51
330.94,-19.08
330.95,-18.86
330.95,-19.19
330.95,-19.08
330.95,-20.59
330.95,-20.16
330.95,-19.19
330.95,-19.73
330.96,-19.19
330.96,-19.30
330.96,-18.00
330.96,-18.65
330.96,-17.36
330.96,-19.19
330.96,-19.08
330.96,-19.40
330.96,-19.08
330.96,-18.00
330.97,-19.73
330.97,-19.19
330.97,-17.68
330.97,-19.51
330.97,-19.19
330.97,-18.86
330.97,-19.40
330.97,-19.62
330.97,-18.65
330.97,-17.36
330.97,-19.19
330.99,-19.84
330.99,-19.30
330.99,-20.16
330.99,-18.76
330.99,-18.86
330.99,-19.08
330.99,-20.16
330.99,-19.84
330.99,-19.40
330.99,-19.84
331.00,-18.22
331.00,-19.51
331.00,-20.27
331.00,-19.19
331.00,-19.51
331.00,-17.46
331.00,-18.11
331.00,-19.19
331.00,-19.84
331.00,-19.19
331.01,-19.30
331.01,-19.08
331.01,-17.46
331.01,-18.22
331.01,-18.97
331.01,-17.89
331.01,-18.97
331.01,-19.84
331.01,-19.51
331.01,-18.97
331.02,-19.30
331.02,-19.19
331.02,-19.73
331.02,-19.51
331.02,-20.16
331.03,-19.19
331.03,-19.19
331.03,-20.37
331.03,-19.51
331.03,-18.76
331.04,-19.51
331.04,-19.19
331.04,-19.19
331.04,-18.11
331.04,-19.08
331.04,-20.16
331.04,-19.84
331.04,-18.86
331.04,-22.10
331.04,-19.94
331.05,-19.51
331.05,-19.94
331.05,-19.73
331.05,-18.86
331.05,-19.51
331.05,-19.19
331.05,-19.08
331.05,-17.46
331.05,-19.19
331.05,-19.19
331.06,-19.19
331.06,-18.22
331.06,-19.30
331.06,-19.51
331.06,-18.00
331.06,-19.40
331.06,-17.36
331.07,-19.73
331.07,-19.30
331.07,-19.73
331.07,-19.30
331.08,-19.19
331.08,-19.40
331.08,-18.11
331.08,-18.97
331.08,-19.51
331.08,-19.19
331.08,-18.22
331.08,-17.89
331.08,-19.40
331.08,-19.62
331.09,-19.40
331.09,-18.11
331.09,-19.51
331.09,-19.51
331.09,-19.19
331.09,-19.40
331.09,-19.73
331.09,-18.54
331.09,-19.19
331.09,-19.73
331.10,-18.97
331.10,-19.19
331.10,-19.30
331.10,-20.16
331.11,-19.51
331.11,-18.43
331.11,-18.00
331.11,-19.19
331.11,-19.19
331.11,-18.43
331.12,-19.84
331.12,-18.97
331.12,-19.51
331.12,-19.19
331.12,-19.30
331.12,-19.40
331.12,-17.46
331.12,-19.30
331.12,-18.86
331.12,-19.30
331.13,-18.22
331.13,-18.65
331.13,-17.25
331.13,-19.08
331.13,-19.30
331.13,-19.51
331.13,-17.25
331.13,-18.76
331.13,-19.19
331.13,-19.73
331.14,-19.40
331.14,-19.40
331.14,-19.08
331.14,-18.97
331.14,-19.62
331.14,-17.79
331.14,-17.46
331.14,-17.68
331.14,-19.19
331.15,-19.19
331.16,-19.73
331.16,-19.40
331.16,-17.14
331.16,-17.36
331.16,-19.19
331.16,-19.19
331.16,-19.51
331.16,-19.84
331.16,-18.54
331.16,-18.86
331.16,-18.86
331.17,-19.51
331.17,-19.19
331.17,-19.30
331.17,-18.43
331.17,-19.51
331.17,-19.19
331.17,-19.19
331.17,-22.10
331.17,-19.30
331.17,-18.43
331.18,-20.37
331.18,-19.84
331.18,-19.08
331.18,-19.30
331.18,-17.79
331.18,-19.30
331.18,-19.19
331.18,-18.97
331.18,-19.62
331.18,-19.19
331.20,-19.19
331.20,-18.97
331.20,-20.16
331.20,-19.73
331.20,-19.51
331.20,-19.40
331.20,-18.54
331.20,-19.08
331.20,-19.30
331.20,-19.40
331.21,-19.19
331.21,-19.19
331.21,-18.97
331.21,-19.19
331.21,-19.40
331.21,-19.30
331.21,-19.84
331.21,-19.19
331.21,-19.08
331.21,-19.30
331.22,-18.54
331.22,-19.30
331.22,-19.40
331.22,-19.73
331.22,-19.30
331.22,-18.86
331.22,-18.54
331.22,-18.65
331.23,-19.40
331.23,-19.30
331.24,-18.43
331.24,-19.40
331.24,-19.73
331.24,-19.19
331.24,-17.79
331.24,-18.65
331.24,-19.19
331.24,-19.19
331.24,-19.40
331.24,-19.51
331.25,-19.84
331.25,-19.62
331.25,-19.19
331.25,-18.65
331.25,-18.65
331.25,-18.54
331.25,-19.30
331.25,-19.51
331.25,-19.19
331.25,-19.30
331.25,-19.40
331.26,-20.37
331.26,-19.40
331.26,-19.08
331.26,-19.19
331.26,-19.73
331.26,-19.08
331.26,-19.19
331.26,-19.62
331.26,-19.51
331.26,-18.86
331.27,-19.51
331.27,-17.79
331.28,-20.37
331.28,-19.19
331.28,-19.40
331.28,-18.86
331.28,-18.00
331.28,-18.86
331.28,-19.19
331.28,-19.40
331.29,-19.19
331.29,-19.19
331.29,-19.51
331.29,-19.51
331.29,-18.43
331.29,-19.51
331.29,-19.51
331.29,-19.19
331.29,-17.46
331.29,-18.54
331.30,-19.19
331.30,-19.08
331.30,-19.19
331.30,-20.91
331.30,-19.62
331.30,-18.33
331.30,-18.65
331.30,-19.40
331.30,-19.19
331.30,-19.51
331.31,-19.19
331.31,-19.19
331.31,-18.65
331.31,-19.73
331.32,-19.40
331.32,-19.40
331.32,-19.19
331.32,-17.89
331.32,-19.08
331.32,-19.19
331.33,-19.08
331.33,-19.19
331.33,-19.51
331.33,-19.08
331.33,-19.08
331.33,-18.65
331.33,-18.54
331.33,-18.97
331.33,-19.19
331.33,-17.46
331.34,-19.40
331.34,-19.19
331.34,-18.43
331.34,-19.73
331.34,-19.62
331.34,-19.08
331.34,-19.51
331.34,-19.19
331.34,-18.86
331.34,-18.97
331.34,-19.19
331.35,-18.97
331.36,-19.19
331.36,-19.30
331.36,-19.08
331.36,-19.30
331.36,-20.37
331.36,-17.03
331.36,-19.73
331.36,-19.84
331.36,-18.65
331.37,-19.08
331.37,-18.97
331.37,-19.51
331.37,-17.46
331.37,-18.97
331.37,-19.08
331.37,-19.40
331.37,-19.08
331.37,-19.51
331.37,-18.86
331.38,-19.19
331.38,-18.97
331.38,-20.48
331.38,-17.25
331.38,-17.57
331.38,-19.08
331.38,-19.51
331.38,-17.25
331.38,-18.76
331.38,-19.30
331.39,-18.65
331.39,-19.19
331.39,-18.00
331.39,-19.51
331.39,-18.54
331.39,-17.46
331.40,-19.19
331.40,-18.76
331.40,-19.08
331.40,-19.08
331.41,-19.40
331.41,-19.40
331.41,-19.19
331.41,-17.89
331.41,-19.19
331.41,-19.40
331.41,-19.62
331.41,-18.97
331.41,-19.84
331.41,-19.19
331.42,-19.51
331.42,-19.84
331.42,-18.65
331.42,-19.08
331.42,-19.73
331.42,-18.43
331.42,-18.65
331.42,-18.86
331.42,-19.84
331.42,-18.86
331.43,-19.19
331.43,-19.51
331.43,-19.08
331.43,-17.14
331.43,-20.16
331.43,-19.40
331.43,-19.40
331.43,-18.43
331.44,-19.19
331.44,-19.19
331.44,-18.11
331.45,-19.73
331.45,-17.36
331.45,-19.19
331.45,-19.51
331.45,-18.97
331.45,-18.43
331.45,-18.97
331.45,-19.40
331.45,-18.43
331.45,-18.97
331.46,-17.25
331.46,-18.86
331.46,-19.73
331.46,-19.40
331.46,-19.08
331.46,-19.19
331.46,-17.36
331.46,-18.97
331.46,-19.51
331.46,-19.19
331.47,-20.16
331.47,-19.84
331.47,-19.19
331.47,-18.86
331.47,-19.19
331.48,-18.65
331.48,-19.84
331.48,-19.51
331.48,-19.62
331.48,-19.19
331.49,-20.37
331.49,-19.30
331.49,-18.43
331.49,-19.40
331.49,-19.30
331.49,-19.19
331.49,-19.08
331.49,-19.30
331.49,-19.62
331.49,-19.19
331.50,-19.40
331.50,-18.97
331.50,-19.19
331.50,-19.40
331.50,-19.51
331.50,-17.57
331.50,-19.19
331.50,-19.19
331.50,-17.46
331.50,-19.08
331.51,-18.76
331.51,-18.11
331.51,-19.40
331.51,-19.08
331.51,-17.14
331.51,-18.65
331.51,-19.51
331.51,-19.73
331.51,-19.94
331.51,-17.79
331.53,-19.40
331.53,-18.97
331.53,-19.19
331.53,-17.46
331.53,-18.76
331.53,-19.40
331.53,-19.30
331.53,-18.86
331.53,-18.86
331.53,-19.51
331.53,-18.86
331.54,-19.51
331.54,-19.30
331.54,-19.51
331.54,-19.19
331.54,-19.19
331.54,-17.46
331.54,-18.86
331.54,-20.91
331.54,-19.51
331.54,-19.62
331.55,-17.46
331.55,-19.19
331.55,-19.51
331.55,-19.19
331.55,-19.30
331.55,-19.08
331.55,-19.30
331.56,-18.00
331.56,-19.19
331.56,-19.30
331.57,-19.30
331.57,-19.19
331.57,-17.89
331.57,-20.05
331.57,-18.22
331.57,-19.19
331.57,-19.94
331.57,-18.97
331.57,-19.19
331.57,-19.19
331.58,-17.46
331.58,-19.84
331.58,-18.11
331.58,-18.65
331.58,-19.19
331.58,-18.97
331.58,-20.16
331.58,-17.57
331.58,-18.11
331.58,-19.30
331.59,-19.51
331.59,-19.84
331.59,-19.19
331.59,-18.00
331.59,-18.43
331.59,-19.19
331.59,-19.40
331.59,-19.19
331.59,-18.86
331.60,-17.79
331.61,-19.19
331.61,-19.30
331.61,-19.62
331.61,-19.62
331.61,-18.54
331.61,-18.86
331.61,-19.19
331.61,-19.19
331.61,-19.73
331.61,-18.22
331.62,-19.62
331.62,-18.33
331.62,-18.86
331.62,-19.51
331.62,-19.62
331.62,-19.73
331.62,-19.19
331.62,-19.51
331.62,-19.08
331.62,-18.86
331.62,-19.62
331.63,-17.89
331.63,-19.19
331.63,-19.19
331.63,-19.84
331.63,-19.40
331.63,-19.30
331.63,-17.46
331.63,-18.65
331.63,-19.73
331.63,-19.08
331.64,-19.40
331.64,-19.40
331.64,-20.59
331.65,-18.54
331.65,-18.86
331.65,-19.40
331.65,-19.62
331.65,-19.19
331.65,-17.89
331.65,-19.30
331.66,-18.86
331.66,-18.43
331.66,-19.30
331.66,-19.62
331.66,-19.30
331.66,-19.51
331.66,-19.40
331.66,-17.25
331.66,-18.97
331.66,-19.30
331.67,-20.48
331.67,-18.00
331.67,-19.19
331.67,-19.19
331.67,-19.19
331.67,-19.51
331.67,-19.30
331.67,-19.19
331.67,-19.08
331.67,-18.43
331.68,-19.08
331.68,-19.30
331.68,-19.19
331.68,-19.51
331.69,-18.43
331.69,-18.86
331.69,-19.19
331.69,-19.19
331.69,-22.53
331.69,-19.30
331.70,-19.30
331.70,-19.19
331.70,-19.19
331.70,-19.40
331.70,-19.19
331.70,-18.00
331.70,-17.46
331.70,-19.51
331.70,-18.43
331.70,-18.97
331.71,-19.08
331.71,-19.30
331.71,-19.73
331.71,-17.68
331.71,-17.46
331.71,-18.43
331.71,-18.86
331.71,-19.19
331.71,-17.57
331.71,-18.54
331.71,-19.40
331.72,-20.16
331.72,-19.30
331.73,-18.76
331.73,-19.19
331.73,-19.51
331.73,-19.51
331.73,-19.19
331.73,-17.57
331.73,-19.19
331.73,-19.19
331.74,-19.62
331.74,-19.19
331.74,-19.40
331.74,-19.19
331.74,-19.73
331.74,-19.08
331.74,-18.76
331.74,-19.40
331.74,-19.19
331.74,-19.84
331.75,-19.19
331.75,-19.51
331.75,-19.19
331.75,-17.25
331.75,-19.51
331.75,-19.51
331.75,-18.86
331.75,-18.22
331.75,-18.43
331.75,-19.08
331.76,-19.84
331.76,-19.73
331.76,-18.00
331.76,-18.97
331.76,-18.97
331.76,-19.19
331.76,-19.08
331.77,-18.43
331.77,-18.54
331.77,-19.08
331.78,-17.46
331.78,-18.11
331.78,-19.08
331.78,-19.73
331.78,-19.19
331.78,-17.57
331.78,-19.19
331.78,-19.40
331.78,-19.40
331.78,-19.51
331.79,-19.62
331.79,-19.62
331.79,-19.30
331.79,-19.08
331.79,-19.30
331.79,-19.51
331.79,-19.19
331.79,-18.11
331.79,-19.19
331.79,-19.30
331.80,-19.73
331.80,-19.94
331.80,-19.62
331.80,-17.46
331.80,-18.76
331.81,-19.19
331.81,-19.40
331.81,-19.30
331.81,-19.08
331.81,-18.11
331.81,-18.00
331.82,-19.19
331.82,-19.73
331.82,-19.30
331.82,-19.84
331.82,-18.97
331.82,-18.65
331.82,-19.51
331.82,-19.30
331.82,-19.51
331.82,-19.30
331.83,-19.73
331.83,-19.94
331.83,-19.40
331.83,-19.08
331.83,-19.51
331.83,-17.79
331.83,-19.40
331.83,-19.08
331.83,-17.46
331.83,-18.97
331.84,-19.19
331.84,-19.19
331.84,-19.40
331.84,-20.59
331.84,-17.57
331.84,-18.22
331.85,-19.51
331.85,-18.97
331.85,-19.84
331.85,-17.89
331.86,-18.65
331.86,-18.43
331.86,-19.30
331.86,-19.40
331.86,-19.73
331.86,-18.86
331.86,-18.97
331.86,-19.62
331.86,-18.54
331.86,-19.30
331.87,-19.94
331.87,-19.51
331.87,-19.30
331.87,-19.30
331.87,-19.30
331.87,-18.65
331.87,-18.43
331.87,-19.19
331.87,-19.51
331.87,-19.30
331.88,-19.40
331.88,-19.51
331.88,-18.54
331.88,-19.08
331.88,-19.40
331.88,-19.51
331.88,-19.19
331.88,-19.40
331.88,-19.08
331.88,-17.68
331.90,-19.40
331